prefix;runID;tick;strategistID;generation;p1;p2;p3;predictedProfit
null;1;18.0;1;0;0.37713423184479145;0.25621026113986567;0.36665550701534294;0.0
null;1;18.0;1;1;0.6051165816652987;0.25692647239257976;0.1379569459421215;0.0
null;1;18.0;1;2;0.3368598151695342;0.11697703163840323;0.5461631531920625;0.0
null;1;18.0;1;3;0.4183262605592271;0.21658256836112827;0.36509117107964456;0.0
null;1;18.0;1;4;0.3888893713237761;0.45105262326167106;0.16005800541455287;0.0
null;1;18.0;1;5;0.20916641263550825;0.7904809778951856;3.52609469306219E-4;0.0
null;1;18.0;1;6;0.23086549210096147;0.3179862545646975;0.45114825333434105;0.0
null;1;18.0;1;7;0.38840106640338296;0.5711337308868353;0.040465202709781774;0.0
null;1;18.0;1;8;0.10797886913936923;0.46793424746107715;0.42408688339955364;0.0
null;1;18.0;1;9;0.15209574703009526;0.4905766916490755;0.35732756132082927;0.0
null;1;74.0;1;0;0.4759697885296203;0.12223711884750568;0.4017930926228741;0.0
null;1;74.0;1;1;0.40933251549263083;0.14635032769341827;0.4443171568139509;0.0
null;1;74.0;1;2;0.49034489937705866;0.3143623105502403;0.19529279007270112;0.0
null;1;74.0;1;3;0.10546416250757253;0.7390436926699017;0.15549214482252588;0.0
null;1;74.0;1;4;0.26020617569971116;0.23340895254271263;0.5063848717575762;0.0
null;1;74.0;1;5;0.6435244314346884;0.09362825366677763;0.26284731489853397;0.0
null;1;74.0;1;6;0.08097485632974245;0.7693692869453127;0.14965585672494483;0.0
null;1;74.0;1;7;0.1603666574523024;0.5547639807860667;0.28486936176163097;0.0
null;1;74.0;1;8;0.4354638392808957;0.0475652726111127;0.5169708881079916;0.0
null;1;74.0;1;9;0.09296247132184576;0.826430575817799;0.08060695286035519;0.0
null;1;105.0;0;0;0.2817051949728523;0.4250845992835149;0.29321020574363277;0.0
null;1;105.0;0;1;0.35181895550328485;0.25456548043394234;0.3936155640627728;0.0
null;1;105.0;0;2;0.34112449325509675;0.2768263756714815;0.3820491310734217;0.0
null;1;105.0;0;3;0.5744035668444404;0.11116582706759712;0.31443060608796247;0.0
null;1;105.0;0;4;0.1539972308899217;0.550332778182717;0.2956699909273613;0.0
null;1;105.0;0;5;0.4634291245476657;0.4686069751200177;0.06796390033231656;0.0
null;1;105.0;0;6;0.43520653865582615;0.14147637213841704;0.4233170892057569;0.0
null;1;105.0;0;7;0.20832612333498385;0.46539471742602884;0.32627915923898737;0.0
null;1;105.0;0;8;0.0045037783509317315;0.4731577990821989;0.5223384225668695;0.0
null;1;105.0;0;9;0.09110251303033;0.8113664884029494;0.09753099856672058;0.0
null;1;128.0;1;0;0.11517646088884093;0.3992145863918972;0.4856089527192619;0.0
null;1;128.0;1;1;0.29037341955579987;0.48375979449734163;0.22586678594685852;0.0
null;1;128.0;1;2;0.4805796908971591;0.18525942053668623;0.3341608885661546;0.0
null;1;128.0;1;3;0.014847752283164676;0.8888812324144514;0.096271015302384;0.0
null;1;128.0;1;4;0.3894659951987965;0.37272112740216895;0.2378128773990346;0.0
null;1;128.0;1;5;0.4311988831097452;0.10697396200170858;0.4618271548885462;0.0
null;1;128.0;1;6;0.33661707702959487;0.4215633719420762;0.24181955102832897;0.0
null;1;128.0;1;7;0.6970049287393579;0.14079555364971053;0.16219951761093154;0.0
null;1;128.0;1;8;0.45067018254132696;0.4134884820589279;0.13584133539974516;0.0
null;1;128.0;1;9;0.1031197151282392;0.6852431097102687;0.21163717516149216;0.0
null;1;182.0;1;0;0.15344307462682955;0.6079553786887737;0.23860154668439673;0.0
null;1;182.0;1;1;0.061711975690348475;0.5115455882331061;0.4267424360765454;0.0
null;1;182.0;1;2;0.3866331928127113;0.4079746661761851;0.20539214101110356;0.0
null;1;182.0;1;3;0.6017796698213751;0.2575047069821284;0.14071562319649655;0.0
null;1;182.0;1;4;0.7188011303846733;0.08654356509537359;0.19465530451995308;0.0
null;1;182.0;1;5;0.4604977987618397;0.43111339092498635;0.10838881031317399;0.0
null;1;182.0;1;6;0.4464622763758466;0.23352647068969107;0.32001125293446236;0.0
null;1;182.0;1;7;0.28427395270161243;0.28655267131369194;0.42917337598469557;0.0
null;1;182.0;1;8;0.4738078288262606;0.47201906193830806;0.05417310923543136;0.0
null;1;182.0;1;9;0.3799071898837497;0.3633208554438337;0.25677195467241665;0.0
null;1;195.0;0;0;0.03784013785005452;0.7965731335557993;0.16558672859414628;0.0
null;1;195.0;0;1;0.12959105943661517;0.4516236530114139;0.41878528755197103;0.0
null;1;195.0;0;2;0.14509464564526625;0.37176368465962545;0.4831416696951083;0.0
null;1;195.0;0;3;0.0810694172326878;0.5417945617110341;0.3771360210562781;0.0
null;1;195.0;0;4;0.4364688009214198;0.4112303923558992;0.15230080672268104;0.0
null;1;195.0;0;5;0.4066181314320984;0.5328283868472596;0.06055348172064195;0.0
null;1;195.0;0;6;0.35100437578777227;0.461689499309359;0.18730612490286877;0.0
null;1;195.0;0;7;0.37526187854785586;0.43279181510709797;0.19194630634504622;0.0
null;1;195.0;0;8;0.3158112266196768;0.3175642624527645;0.36662451092755877;0.0
null;1;195.0;0;9;0.8512300584218078;0.011383476819766963;0.13738646475842525;0.0
null;1;236.0;1;0;0.14718004988065095;0.5323764493664163;0.32044350075293276;0.0
null;1;236.0;1;1;0.08093313952809311;0.4196761320082525;0.49939072846365445;0.0
null;1;236.0;1;2;0.5404521282987621;0.43901745019475963;0.020530421506478297;0.0
null;1;236.0;1;3;0.400413777281263;0.2026727254901508;0.3969134972285862;0.0
null;1;236.0;1;4;0.35790917111833775;0.35359178004289;0.28849904883877214;0.0
null;1;236.0;1;5;0.24257049325454347;0.5709063416634009;0.18652316508205552;0.0
null;1;236.0;1;6;0.21763115818362858;0.5035924526857806;0.27877638913059094;0.0
null;1;236.0;1;7;0.04302387204833657;0.4454624552672977;0.5115136726843658;0.0
null;1;236.0;1;8;0.28476586132960036;0.4995144279850658;0.21571971068533385;0.0
null;1;236.0;1;9;0.21253757343655508;0.4312882860419324;0.35617414052151253;0.0
null;1;264.0;0;0;0.30014399324844365;0.4768155274959932;0.2230404792555631;0.0
null;1;264.0;0;1;0.3598236810277943;0.36916268737840846;0.2710136315937973;0.0
null;1;264.0;0;2;0.264909130442801;0.1614905879867099;0.5736002815704891;0.0
null;1;264.0;0;3;0.30807368554992415;0.449693589869342;0.2422327245807338;0.0
null;1;264.0;0;4;0.06845731310849568;0.5335517208331513;0.3979909660583531;0.0
null;1;264.0;0;5;0.2773777883512989;0.6116442231668511;0.11097798848185;0.0
null;1;264.0;0;6;0.2151130327748612;0.43452467190671357;0.3503622953184252;0.0
null;1;264.0;0;7;0.15035961514224655;0.6265817832977872;0.22305860155996626;0.0
null;1;264.0;0;8;0.3055387495388112;0.3639316417887155;0.33052960867247333;0.0
null;1;264.0;0;9;0.1919878990888574;0.32173539480456714;0.4862767061065755;0.0
null;1;290.0;1;0;0.18832589941682007;0.463299960293675;0.34837414028950503;0.0
null;1;290.0;1;1;0.48119807441133267;0.1559476635305432;0.3628542620581242;0.0
null;1;290.0;1;2;0.5122065300923874;0.37592688790602097;0.11186658200159164;0.0
null;1;290.0;1;3;0.28287414829663793;0.5857064602365143;0.13141939146684786;0.0
null;1;290.0;1;4;0.38942069035498483;0.1792687244875514;0.4313105851574639;0.0
null;1;290.0;1;5;0.24123686623321625;0.40436670311545053;0.35439643065133325;0.0
null;1;290.0;1;6;0.5084312490252355;0.33687828073541953;0.15469047023934498;0.0
null;1;290.0;1;7;0.308095165247243;0.5968623641386248;0.09504247061413222;0.0
null;1;290.0;1;8;0.4509149441532796;0.16839261460184832;0.38069244124487206;0.0
null;1;290.0;1;9;0.3177514663569477;0.4995096144924993;0.18273891915055307;0.0
null;1;332.0;0;0;0.4674371344890308;0.5174103842730341;0.015152481237935096;0.0
null;1;332.0;0;1;0.4563873168952484;0.016603853976769965;0.5270088291279816;0.0
null;1;332.0;0;2;0.5444924153424651;0.06093032088246572;0.39457726377506924;0.0
null;1;332.0;0;3;0.4353168195427366;0.35730445055679966;0.2073787299004638;0.0
null;1;332.0;0;4;0.46401493010112504;0.19032386274116622;0.3456612071577088;0.0
null;1;332.0;0;5;0.31139089530080705;0.20821597261421423;0.48039313208497875;0.0
null;1;332.0;0;6;0.370251719038123;0.19032859477925276;0.4394196861826242;0.0
null;1;332.0;0;7;0.11628454993951291;0.6317095824936941;0.25200586756679305;0.0
null;1;332.0;0;8;0.5924593396922477;0.33695697883761055;0.07058368147014178;0.0
null;1;332.0;0;9;0.4400860145386353;0.3062446764737588;0.25366930898760587;0.0
null;1;344.0;1;0;0.12461405872219722;0.8341629546935734;0.041222986584229356;0.0
null;1;344.0;1;1;0.11687929146436148;0.454763977348212;0.4283567311874266;0.0
null;1;344.0;1;2;0.2315259062027754;0.2736121528690399;0.49486194092818464;0.0
null;1;344.0;1;3;0.05459617592262972;0.36572564975396415;0.5796781743234062;0.0
null;1;344.0;1;4;0.28140874070201205;0.3133068801447906;0.4052843791531974;0.0
null;1;344.0;1;5;0.03811285318175184;0.605390196451316;0.3564969503669323;0.0
null;1;344.0;1;6;0.48873794111771546;0.3599679971097365;0.15129406177254798;0.0
null;1;344.0;1;7;0.4436572139635306;0.4972494956143535;0.0590932904221159;0.0
null;1;344.0;1;8;0.05070997496224067;0.4127992220211887;0.5364908030165707;0.0
null;1;344.0;1;9;0.4350820546769326;0.3552433618064963;0.20967458351657117;0.0
null;1;384.0;0;0;0.28250723447449777;0.5570410861692728;0.16045167935622948;0.0
null;1;384.0;0;1;0.4045233024118958;0.4569288288533295;0.1385478687347746;0.0
null;1;384.0;0;2;0.3924070319987893;0.37497102245620223;0.23262194554500853;0.0
null;1;384.0;0;3;0.35930255483009804;0.33728947809765936;0.30340796707224255;0.0
null;1;384.0;0;4;0.1348292326505849;0.43730064299994814;0.4278701243494671;0.0
null;1;384.0;0;5;0.10699525291734975;0.36328347023829877;0.5297212768443514;0.0
null;1;384.0;0;6;0.2857776997969143;0.43418815536798655;0.2800341448350991;0.0
null;1;384.0;0;7;0.0567675293041927;0.5144667616231872;0.4287657090726202;0.0
null;1;384.0;0;8;0.3907202299958369;0.15181222426797458;0.45746754573618853;0.0
null;1;384.0;0;9;0.10852657313955409;0.5339411393978108;0.35753228746263516;0.0
null;1;398.0;1;0;0.22062415054606696;0.541930750430802;0.23744509902313107;0.0
null;1;398.0;1;1;0.19291170610977296;0.47450244730552577;0.3325858465847012;0.0
null;1;398.0;1;2;0.10867958778573074;0.43527071516972293;0.4560496970445464;0.0
null;1;398.0;1;3;0.4189153978178478;0.35210343752883694;0.22898116465331536;0.0
null;1;398.0;1;4;0.21333941801163445;0.7304683632555461;0.05619221873281948;0.0
null;1;398.0;1;5;0.31230195907078134;0.024594812277422433;0.6631032286517963;0.0
null;1;398.0;1;6;0.22574416032101824;0.2921534855421477;0.48210235413683405;0.0
null;1;398.0;1;7;0.20208393442550618;0.4077236528293925;0.3901924127451013;0.0
null;1;398.0;1;8;0.5847540474462999;0.3384916527522052;0.0767542998014949;0.0
null;1;398.0;1;9;0.4098758854171784;0.2592870607942448;0.33083705378857686;0.0
null;1;435.0;0;0;0.1558991183383687;0.4072104119862716;0.43689046967535966;0.0
null;1;435.0;0;1;0.1922527558658561;0.26820981748860634;0.5395374266455376;0.0
null;1;435.0;0;2;0.33493671613799597;0.3031995273445299;0.3618637565174741;0.0
null;1;435.0;0;3;0.22322166495696297;0.6418708180594381;0.13490751698359899;0.0
null;1;435.0;0;4;0.3110783419427844;0.36600073668499183;0.3229209213722239;0.0
null;1;435.0;0;5;0.536636198162683;0.13079601524514825;0.33256778659216873;0.0
null;1;435.0;0;6;0.19907396780312403;0.1247564397559116;0.6761695924409644;0.0
null;1;435.0;0;7;0.5049325874078063;0.14071186656184032;0.35435554603035346;0.0
null;1;435.0;0;8;0.42577688249524;0.07745385832651602;0.49676925917824405;0.0
null;1;435.0;0;9;0.26097924286803087;0.22559928605282453;0.5134214710791447;0.0
null;1;452.0;1;0;0.4385809068060497;0.4135098880803037;0.1479092051136467;0.0
null;1;452.0;1;1;0.2773976434285652;0.3848204823565434;0.33778187421489136;0.0
null;1;452.0;1;2;0.45492517565987545;0.389981416737968;0.15509340760215656;0.0
null;1;452.0;1;3;0.3603810520862237;0.3937552903572092;0.24586365755656708;0.0
null;1;452.0;1;4;0.21866042304984706;0.5420713168825216;0.23926826006763133;0.0
null;1;452.0;1;5;0.4054422994010801;0.4094912277147693;0.18506647288415057;0.0
null;1;452.0;1;6;0.4676671972260794;0.20038042771043985;0.3319523750634808;0.0
null;1;452.0;1;7;0.30262928818957774;0.35489148557987193;0.3424792262305503;0.0
null;1;452.0;1;8;0.3593563503521493;0.20081581592483858;0.43982783372301215;0.0
null;1;452.0;1;9;0.14016648490418515;0.4688659487545182;0.3909675663412966;0.0
null;1;503.0;0;0;0.3102673260815967;0.19199724413989597;0.49773542977850743;0.0
null;1;503.0;0;1;0.04819269512854632;0.3487072589287683;0.6031000459426854;0.0
null;1;503.0;0;2;0.2405997294159791;0.4522891777474827;0.3071110928365383;0.0
null;1;503.0;0;3;0.9220438306707962;0.05414125797630737;0.02381491135289644;0.0
null;1;503.0;0;4;0.13050485695253677;0.39441961145345406;0.4750755315940093;0.0
null;1;503.0;0;5;0.17050276899786154;0.20467929648710312;0.6248179345150353;0.0
null;1;503.0;0;6;0.06890259746517843;0.5990419757732856;0.332055426761536;0.0
null;1;503.0;0;7;0.47752626356819816;0.10014121740584207;0.42233251902595964;0.0
null;1;503.0;0;8;0.12143860222227733;0.518914127050963;0.3596472707267597;0.0
null;1;503.0;0;9;0.5118492913678248;0.09980700305856924;0.3883437055736059;0.0
null;1;506.0;1;0;0.049922709365428294;0.4818918221951326;0.46818546843943903;0.0
null;1;506.0;1;1;0.26309468186372176;0.16043795472018707;0.5764673634160913;0.0
null;1;506.0;1;2;0.31488548940970634;0.24679492759090121;0.4383195829993925;0.0
null;1;506.0;1;3;0.14057647230693085;0.4952324562081696;0.36419107148489954;0.0
null;1;506.0;1;4;0.1114399048567268;0.4607996438973628;0.4277604512459104;0.0
null;1;506.0;1;5;0.6160098386378445;0.03250790598514085;0.3514822553770146;0.0
null;1;506.0;1;6;0.5146488467803702;0.05692253119758378;0.4284286220220462;0.0
null;1;506.0;1;7;0.30925039697206963;0.6263274229668492;0.06442218006108122;0.0
null;1;506.0;1;8;0.023474441520237904;0.4571593109192593;0.5193662475605028;0.0
null;1;506.0;1;9;0.763462964223678;0.12879388213264795;0.1077431536436741;0.0
null;1;560.0;1;0;0.3832287143039169;0.24339647359423194;0.3733748121018512;0.0
null;1;560.0;1;1;0.5060901996917573;0.11069567242372105;0.3832141278845217;0.0
null;1;560.0;1;2;0.11019283874702716;0.7285191800708752;0.1612879811820976;0.0
null;1;560.0;1;3;0.5142795662614381;0.29151691160265364;0.19420352213590825;0.0
null;1;560.0;1;4;0.33830125371809916;0.31677773748296967;0.3449210087989312;0.0
null;1;560.0;1;5;0.4879128901711551;0.4085930461866221;0.10349406364222284;0.0
null;1;560.0;1;6;0.30100451256367483;0.10109813696373084;0.5978973504725944;0.0
null;1;560.0;1;7;0.27346231519100955;0.18699264561638096;0.5395450391926094;0.0
null;1;560.0;1;8;0.12847690509873502;0.8137936790642577;0.05772941583700733;0.0
null;1;560.0;1;9;0.3960354418066942;0.30443161426744647;0.2995329439258594;0.0
null;1;572.0;0;0;0.13489358109734342;0.3425617624280346;0.522544656474622;0.0
null;1;572.0;0;1;0.38905266937306066;0.5535483182708195;0.05739901235611991;0.0
null;1;572.0;0;2;0.24424518342448237;0.19794809604440497;0.5578067205311127;0.0
null;1;572.0;0;3;0.3159130755286232;0.26167647897461155;0.4224104454967653;0.0
null;1;572.0;0;4;0.3908347851515545;0.18602507405573968;0.42314014079270573;0.0
null;1;572.0;0;5;0.13878429796642358;0.6211599994622536;0.24005570257132292;0.0
null;1;572.0;0;6;0.2187289944443158;0.44421552862820696;0.33705547692747734;0.0
null;1;572.0;0;7;0.3507637893781577;0.17831444948011274;0.47092176114172957;0.0
null;1;572.0;0;8;0.061162549493441194;0.45996685896269884;0.47887059154385997;0.0
null;1;572.0;0;9;0.34920658303820906;0.1998541511293577;0.4509392658324333;0.0
null;1;614.0;1;0;0.19327791088496613;0.5193565738291089;0.287365515285925;0.0
null;1;614.0;1;1;0.30663749232462384;0.1461355556863181;0.5472269519890581;0.0
null;1;614.0;1;2;0.25536468015055536;0.19023344364162093;0.5544018762078237;0.0
null;1;614.0;1;3;0.3499354685671172;0.06392778685143606;0.5861367445814468;0.0
null;1;614.0;1;4;0.32601259709771996;0.32658890160830395;0.3473985012939761;0.0
null;1;614.0;1;5;0.6619991213585636;0.22104606955479605;0.1169548090866404;0.0
null;1;614.0;1;6;0.20625481170095594;0.3734513691251129;0.42029381917393116;0.0
null;1;614.0;1;7;0.5014561772475586;0.196371572315739;0.3021722504367023;0.0
null;1;614.0;1;8;0.03580808370942435;0.8681879341697297;0.09600398212084593;0.0
null;1;614.0;1;9;0.2858118105475717;0.4092245105731172;0.30496367887931103;0.0
null;1;640.0;0;0;0.10242537327662692;0.5802640728653822;0.3173105538579909;0.0
null;1;640.0;0;1;0.3126463364036213;0.3454920472157668;0.3418616163806118;0.0
null;1;640.0;0;2;0.2695427216192893;0.20681839621279907;0.5236388821679115;0.0
null;1;640.0;0;3;0.2281308388232425;0.23574778520788883;0.5361213759688688;0.0
null;1;640.0;0;4;0.3223235575449228;0.31609681918182364;0.36157962327325355;0.0
null;1;640.0;0;5;0.03861215201064553;0.29883503896921515;0.6625528090201394;0.0
null;1;640.0;0;6;0.36277871181150567;0.577712417585892;0.05950887060260246;0.0
null;1;640.0;0;7;0.4703076232910009;0.45116319937942273;0.07852917732957637;0.0
null;1;640.0;0;8;0.30880320673864414;0.5527012233092056;0.13849556995215032;0.0
null;1;640.0;0;9;0.21658520900425415;0.42052277612269934;0.36289201487304656;0.0
null;1;668.0;1;0;0.31024247174537545;0.10344782921760913;0.5863096990370155;0.0
null;1;668.0;1;1;0.5909896432173086;0.07246009680932937;0.336550259973362;0.0
null;1;668.0;1;2;0.5349663594263181;0.42164799854591545;0.043385642027766576;0.0
null;1;668.0;1;3;0.48546391671681316;0.08507824105019637;0.4294578422329905;0.0
null;1;668.0;1;4;0.15684239359962152;0.4452535126709849;0.3979040937293937;0.0
null;1;668.0;1;5;0.1013245158453334;0.5121911376487441;0.38648434650592245;0.0
null;1;668.0;1;6;0.5964273978297031;0.33161953027015434;0.07195307190014251;0.0
null;1;668.0;1;7;0.41900721143097674;0.56183474974109;0.01915803882793325;0.0
null;1;668.0;1;8;0.3367473672368226;0.43966503579888966;0.22358759696428773;0.0
null;1;668.0;1;9;0.4371150434437497;0.5092099979095185;0.05367495864673187;0.0
null;1;691.0;0;0;0.4710799287454409;0.29995868729079705;0.22896138396376212;0.0
null;1;691.0;0;1;0.33296567495753626;0.039964455856849455;0.6270698691856142;0.0
null;1;691.0;0;2;0.27693452066286917;0.34506453416946387;0.37800094516766697;0.0
null;1;691.0;0;3;0.3625766225301609;0.204326573679008;0.43309680379083115;0.0
null;1;691.0;0;4;0.4597699389724761;0.3067097951547892;0.2335202658727347;0.0
null;1;691.0;0;5;0.32796149845100164;0.44134572286719037;0.23069277868180801;0.0
null;1;691.0;0;6;0.4010778186025057;0.44085570480680286;0.1580664765906915;0.0
null;1;691.0;0;7;0.14716184598866489;0.3670117772371956;0.4858263767741395;0.0
null;1;691.0;0;8;0.24004458446325902;0.1153690544070447;0.6445863611296963;0.0
null;1;691.0;0;9;0.3186669630584165;0.6103472409032836;0.07098579603829977;0.0
null;1;722.0;1;0;0.4509416724332901;0.39639053837951965;0.15266778918719037;0.0
null;1;722.0;1;1;0.2662536888828785;0.5192356216403635;0.21451068947675803;0.0
null;1;722.0;1;2;0.4242716776744485;0.11627659560250422;0.4594517267230473;0.0
null;1;722.0;1;3;0.4685778378880688;0.5016297010262311;0.029792461085700207;0.0
null;1;722.0;1;4;0.28178971184976503;0.49248538428623484;0.22572490386400024;0.0
null;1;722.0;1;5;0.16969588601530747;0.3383706652792083;0.49193344870548433;0.0
null;1;722.0;1;6;0.18994300405710912;0.247437918817157;0.5626190771257339;0.0
null;1;722.0;1;7;0.4110434511175006;0.5004158991475365;0.08854064973496298;0.0
null;1;722.0;1;8;0.2862173755953046;0.5239158999275371;0.18986672447715847;0.0
null;1;722.0;1;9;0.43113222446411126;0.10416406923219894;0.4647037063036898;0.0
null;1;761.0;0;0;0.1956248366360083;0.25319731441665616;0.5511778489473356;0.0
null;1;761.0;0;1;0.3004311371317672;0.09978268257793077;0.5997861802903021;0.0
null;1;761.0;0;2;0.20443473097844217;0.20721890753237784;0.58834636148918;0.0
null;1;761.0;0;3;0.26888736695118887;0.47442355394136443;0.2566890791074467;0.0
null;1;761.0;0;4;0.3323058210903702;0.4586996531866153;0.20899452572301455;0.0
null;1;761.0;0;5;0.19403196183451266;0.637913411166967;0.1680546269985204;0.0
null;1;761.0;0;6;0.1291673640835573;0.435600486336503;0.4352321495799397;0.0
null;1;761.0;0;7;0.07984849624357951;0.4352048415999495;0.48494666215647103;0.0
null;1;761.0;0;8;0.7459190124477287;0.25028401023538255;0.0037969773168888177;0.0
null;1;761.0;0;9;0.5939044857859819;0.356108829084454;0.04998668512956407;0.0
null;1;776.0;1;0;0.7014491231557025;0.07393690744661528;0.22461396939768222;0.0
null;1;776.0;1;1;0.019362986216077047;0.5794539877281297;0.4011830260557932;0.0
null;1;776.0;1;2;0.21114336616013157;0.29598629399119386;0.4928703398486746;0.0
null;1;776.0;1;3;0.5909645543844638;0.24963925536902037;0.1593961902465158;0.0
null;1;776.0;1;4;0.09055694899997342;0.007572862118030596;0.901870188881996;0.0
null;1;776.0;1;5;0.15735786784423372;0.5419873426715962;0.30065478948417007;0.0
null;1;776.0;1;6;0.11116577690105908;0.38343014838283673;0.5054040747161043;0.0
null;1;776.0;1;7;0.4586495119070663;0.5295049905592212;0.011845497533712664;0.0
null;1;776.0;1;8;0.32268840282883765;0.3396668731632028;0.33764472400795953;0.0
null;1;776.0;1;9;0.5375137098025577;0.14940770977043696;0.31307858042700537;0.0
null;1;830.0;0;0;0.504728641031453;0.35973184283533954;0.13553951613320755;0.0
null;1;830.0;0;1;0.18211693735470463;0.26104908803622234;0.556833974609073;0.0
null;1;830.0;0;2;0.2936089736773647;0.17511651725250116;0.5312745090701342;0.0
null;1;830.0;0;3;0.5541287126438941;0.34227745664699916;0.10359383070910679;0.0
null;1;830.0;0;4;0.20550019197256975;0.5230162129155917;0.2714835951118385;0.0
null;1;830.0;0;5;0.3786159360087298;0.046636536913217855;0.5747475270780523;0.0
null;1;830.0;0;6;0.5443786606577729;0.29024208770050086;0.16537925164172637;0.0
null;1;830.0;0;7;0.17323861054093015;0.2509918564697516;0.5757695329893182;0.0
null;1;830.0;0;8;0.5972942480459944;0.15085020430959684;0.2518555476444088;0.0
null;1;830.0;0;9;0.1976344044032449;0.39326042053829635;0.4091051750584588;0.0
null;1;830.0;1;0;0.12589941223572387;0.3383160132401403;0.5357845745241357;0.0
null;1;830.0;1;1;0.49845787544776193;0.4888907475380191;0.012651377014219022;0.0
null;1;830.0;1;2;0.025956598587482702;0.6831383347908575;0.29090506662165977;0.0
null;1;830.0;1;3;0.5201026605759828;0.46988530238181436;0.010012037042202892;0.0
null;1;830.0;1;4;0.342170911425146;0.43833805235838325;0.21949103621647087;0.0
null;1;830.0;1;5;0.5307547478913978;0.24820403938680594;0.2210412127217963;0.0
null;1;830.0;1;6;0.37489489381078467;0.3235657253890583;0.30153938080015696;0.0
null;1;830.0;1;7;0.5110774413257888;0.2847616572861934;0.20416090138801773;0.0
null;1;830.0;1;8;0.08092638119527634;0.19651566330973147;0.7225579554949922;0.0
null;1;830.0;1;9;0.15331927206173931;0.19556775325178966;0.651112974686471;0.0
null;1;882.0;0;0;0.9414314434580255;0.044650030641454626;0.013918525900519884;0.0
null;1;882.0;0;1;0.26364847745581815;0.12180821906759749;0.6145433034765844;0.0
null;1;882.0;0;2;0.138941493125314;0.5084233340941934;0.3526351727804927;0.0
null;1;882.0;0;3;0.0709159389451652;0.9270479601472705;0.0020361009075642303;0.0
null;1;882.0;0;4;0.08684925754614048;0.5065487803034399;0.40660196215041966;0.0
null;1;882.0;0;5;0.6909562460612063;0.11562819830793987;0.19341555563085377;0.0
null;1;882.0;0;6;0.20455780828219555;0.14082199018869174;0.6546202015291127;0.0
null;1;882.0;0;7;0.1070071043816194;0.4975821483801846;0.39541074723819597;0.0
null;1;882.0;0;8;0.3715118598977495;0.46636150093323453;0.16212663916901604;0.0
null;1;882.0;0;9;0.2853045506812825;0.3227553993284786;0.3919400499902389;0.0
null;1;884.0;1;0;0.43952463152930477;0.3698621060236964;0.19061326244699878;0.0
null;1;884.0;1;1;0.1352390128783086;0.35731625256781446;0.507444734553877;0.0
null;1;884.0;1;2;0.381011750334039;0.2866275489068697;0.3323607007590914;0.0
null;1;884.0;1;3;0.4257929355496619;0.1538502957963876;0.4203567686539505;0.0
null;1;884.0;1;4;0.2032516833496889;0.46439493340533117;0.3323533832449799;0.0
null;1;884.0;1;5;0.04156088562087806;0.6583042732973836;0.30013484108173827;0.0
null;1;884.0;1;6;0.5694725100446847;0.19431044776565604;0.2362170421896592;0.0
null;1;884.0;1;7;0.3739247767786116;0.4075793008422561;0.21849592237913223;0.0
null;1;884.0;1;8;0.5489710109812767;0.0937944476874207;0.35723454133130256;0.0
null;1;884.0;1;9;0.06592057337232227;0.4041485158822293;0.5299309107454485;0.0
null;1;938.0;1;0;0.588129013853219;0.08879706984668195;0.32307391630009913;0.0
null;1;938.0;1;1;0.4253845914320422;0.40018261872515043;0.17443278984280733;0.0
null;1;938.0;1;2;0.3131388094421788;0.5679600202977345;0.11890117026008662;0.0
null;1;938.0;1;3;0.6664018507650532;0.0565845633354955;0.27701358589945135;0.0
null;1;938.0;1;4;0.3234601854865275;0.22112020004771163;0.4554196144657608;0.0
null;1;938.0;1;5;0.18336984622271305;0.2810919474649178;0.5355382063123691;0.0
null;1;938.0;1;6;0.5093879535736877;0.14883978342418164;0.3417722630021307;0.0
null;1;938.0;1;7;0.049156850265795686;0.740564726596977;0.2102784231372273;0.0
null;1;938.0;1;8;0.5321509411784688;0.2449252774394503;0.2229237813820808;0.0
null;1;938.0;1;9;0.14369413091390174;0.19807249130757731;0.658233377778521;0.0
null;1;950.0;0;0;0.2823531101831849;0.37436066667499324;0.3432862231418219;0.0
null;1;950.0;0;1;0.5321101246926073;0.031177421080304732;0.43671245422708804;0.0
null;1;950.0;0;2;0.5241688726432686;0.43429839560726;0.0415327317494714;0.0
null;1;950.0;0;3;0.46052301388055833;0.0728156934910371;0.46666129262840456;0.0
null;1;950.0;0;4;0.32242898307115664;0.055119018240108224;0.6224519986887351;0.0
null;1;950.0;0;5;0.3274534053670827;0.40400730657446243;0.26853928805845495;0.0
null;1;950.0;0;6;0.4525298671873002;0.1564154643130262;0.39105466849967363;0.0
null;1;950.0;0;7;0.49885655903355364;0.08676461262200134;0.414378828344445;0.0
null;1;950.0;0;8;0.13102789393336278;0.34949267379663157;0.5194794322700057;0.0
null;1;950.0;0;9;0.2547263382086994;0.30775989118288666;0.43751377060841407;0.0
null;1;992.0;1;0;0.1134859296087731;0.4063700531402715;0.4801440172509554;0.0
null;1;992.0;1;1;0.13354423433861215;0.1735045209487702;0.6929512447126177;0.0
null;1;992.0;1;2;0.1883808034502024;0.28742560149539415;0.5241935950544034;0.0
null;1;992.0;1;3;0.10466405253948438;0.5481799154902143;0.3471560319703013;0.0
null;1;992.0;1;4;0.3028151089930205;0.36176140925905687;0.33542348174792264;0.0
null;1;992.0;1;5;0.5037208470414694;0.07332227492083664;0.4229568780376941;0.0
null;1;992.0;1;6;0.334321948212342;0.19287835448221777;0.4727996973054402;0.0
null;1;992.0;1;7;0.5436066285723608;0.08869551527359261;0.3676978561540466;0.0
null;1;992.0;1;8;0.11382641969083844;0.7856516826818758;0.10052189762728578;0.0
null;1;992.0;1;9;0.06857522311955118;0.40088360716797916;0.5305411697124697;0.0
prefix;runID;tick;strategistID;generation;p1;p2;p3;predictedProfit
prefix;runID;tick;strategistID;generation;p1;p2;p3;predictedProfit
null;1;14.0;1;0;0.2766704543174992;0.2979584115567548;0.4253711341257461;0.0
null;1;14.0;1;1;0.11602675860556254;0.2720926469169223;0.6118805944775152;0.0
null;1;14.0;1;2;0.4179295286198506;0.4783228489032881;0.10374762247686135;0.0
null;1;14.0;1;3;0.3072744586299247;0.2754100542355168;0.4173154871345585;0.0
null;1;14.0;1;4;0.014931643854028055;0.6595111878878737;0.32555716825809833;0.0
null;1;14.0;1;5;0.2905695670411395;0.4971385869811595;0.21229184597770095;0.0
null;1;14.0;1;6;0.06126558001542854;0.47520220358136456;0.4635322164032069;0.0
null;1;14.0;1;7;0.6608052124217833;0.17338063151332278;0.16581415606489408;0.0
null;1;14.0;1;8;0.5064887692883449;0.3506243139146563;0.14288691679699891;0.0
null;1;14.0;1;9;0.10255437413403432;0.5074418628266435;0.3900037630393222;0.0
null;1;65.0;1;0;0.2196485025433545;0.18568066795385654;0.5946708295027889;0.0
null;1;65.0;1;1;0.43435532011278344;0.5054823274244638;0.060162352462752866;0.0
null;1;65.0;1;2;0.15102875561379978;0.24445030430294257;0.6045209400832576;0.0
null;1;65.0;1;3;0.4793371291176528;0.11660119978155624;0.40406167110079094;0.0
null;1;65.0;1;4;0.09869024346946043;0.36482382167840394;0.5364859348521356;0.0
null;1;65.0;1;5;0.0916570717719145;0.20311978409408765;0.7052231441339979;0.0
null;1;65.0;1;6;0.4054869811441259;0.2983365237433557;0.2961764951125185;0.0
null;1;65.0;1;7;0.17370101637987537;0.633162263894014;0.19313671972611068;0.0
null;1;65.0;1;8;0.19414695958139078;0.04766412340671162;0.7581889170118977;0.0
null;1;65.0;1;9;0.21857377929373878;0.6685100329802076;0.11291618772605365;0.0
null;1;103.0;0;0;0.4835277079445095;0.40130256781797924;0.1151697242375113;0.0
null;1;103.0;0;1;0.7236352973864087;0.17460925069035232;0.10175545192323898;0.0
null;1;103.0;0;2;0.37811909346508105;0.35091983084087286;0.2709610756940461;0.0
null;1;103.0;0;3;0.2923224909844029;0.5566343140264076;0.1510431949891896;0.0
null;1;103.0;0;4;0.12519445521016268;0.7794591324219555;0.09534641236788179;0.0
null;1;103.0;0;5;0.7597769284240269;0.11443895870107189;0.12578411287490124;0.0
null;1;103.0;0;6;0.7440298071003454;0.13295604232784872;0.12301415057180598;0.0
null;1;103.0;0;7;0.4463226751087487;0.0625914869976535;0.4910858378935979;0.0
null;1;103.0;0;8;0.40978348577062546;0.06892704652817752;0.5212894677011971;0.0
null;1;103.0;0;9;0.36581047361045926;0.32751720473181745;0.30667232165772323;0.0
null;1;119.0;1;0;0.2437802511129138;0.32361455238455294;0.4326051965025333;0.0
null;1;119.0;1;1;0.46743116386389316;0.22004599142898915;0.31252284470711766;0.0
null;1;119.0;1;2;0.25687525855595456;0.34119526079790485;0.4019294806461405;0.0
null;1;119.0;1;3;0.14689653784937107;0.4801042196042024;0.3729992425464265;0.0
null;1;119.0;1;4;0.18463914344277965;0.2781194937191875;0.5372413628380329;0.0
null;1;119.0;1;5;0.4864040642533827;0.3779181409498614;0.1356777947967559;0.0
null;1;119.0;1;6;0.21459210154010183;0.37642265180496304;0.4089852466549352;0.0
null;1;119.0;1;7;0.48128868883742915;3.2940885799240537E-4;0.5183819023045785;0.0
null;1;119.0;1;8;0.012308096745289269;0.4247973810387168;0.562894522215994;0.0
null;1;119.0;1;9;0.0769832329283709;0.6777420355959625;0.24527473147566659;0.0
null;1;171.0;0;0;0.46083828683059785;0.16221544165270713;0.37694627151669513;0.0
null;1;171.0;0;1;0.030070062224846403;0.2268529565713733;0.7430769812037803;0.0
null;1;171.0;0;2;0.21257996657817055;0.24931272443800886;0.5381073089838206;0.0
null;1;171.0;0;3;0.43255754138318575;0.29081335099984185;0.27662910761697246;0.0
null;1;171.0;0;4;0.336881763514783;0.32396809705727236;0.33915013942794464;0.0
null;1;171.0;0;5;0.3835924645943867;0.5494036345707872;0.06700390083482616;0.0
null;1;171.0;0;6;0.23198287846395724;0.37970771601124087;0.388309405524802;0.0
null;1;171.0;0;7;0.1528655657109493;0.4378020970593965;0.4093323372296542;0.0
null;1;171.0;0;8;0.17282500394541628;0.4011407617443538;0.4260342343102299;0.0
null;1;171.0;0;9;0.3305818454319453;0.6668134511628871;0.002604703405167487;0.0
null;1;173.0;1;0;0.05499037395198851;0.32860586657121377;0.6164037594767977;0.0
null;1;173.0;1;1;0.4643964805843333;0.3417847823474505;0.1938187370682162;0.0
null;1;173.0;1;2;0.23635436284193806;0.46577314934555597;0.2978724878125061;0.0
null;1;173.0;1;3;0.1026297318845629;0.38570647662964636;0.5116637914857908;0.0
null;1;173.0;1;4;0.25847810201728166;0.40607463695500723;0.33544726102771116;0.0
null;1;173.0;1;5;0.25483353809419235;0.22385594244661092;0.5213105194591967;0.0
null;1;173.0;1;6;0.2170834727521959;0.28694332997529554;0.4959731972725086;0.0
null;1;173.0;1;7;0.16699001725327242;0.3452081035097585;0.48780187923696916;0.0
null;1;173.0;1;8;0.18218361441304165;0.5222909202065386;0.29552546538041974;0.0
null;1;173.0;1;9;0.35048490400139204;0.3067940425414994;0.3427210534571085;0.0
null;1;227.0;1;0;0.36083060093029345;0.25157824052993105;0.3875911585397755;0.0
null;1;227.0;1;1;0.7440875528887475;0.25494628531856633;9.661617926862041E-4;0.0
null;1;227.0;1;2;0.08567396281065581;0.49437002608103275;0.41995601110831143;0.0
null;1;227.0;1;3;0.10527949999217194;0.37657135180417545;0.5181491482036527;0.0
null;1;227.0;1;4;0.7727394326812682;0.15591675187169612;0.07134381544703576;0.0
null;1;227.0;1;5;0.5777352465766927;0.22175627007600043;0.20050848334730687;0.0
null;1;227.0;1;6;0.3318275962332423;0.5731579244597159;0.09501447930704188;0.0
null;1;227.0;1;7;0.467013556720757;0.14551142721046798;0.38747501606877494;0.0
null;1;227.0;1;8;0.43558153957541956;0.5177608708787721;0.04665758954580845;0.0
null;1;227.0;1;9;0.2954075170293765;0.4380920044141884;0.2665004785564352;0.0
null;1;234.0;0;0;0.6267537382399595;0.26750819804688364;0.10573806371315693;0.0
null;1;234.0;0;1;0.4845024647619633;0.3509975589719269;0.16449997626610985;0.0
null;1;234.0;0;2;0.4579573996969648;0.4435633510101731;0.09847924929286209;0.0
null;1;234.0;0;3;0.5352355157430447;0.3115797733633151;0.1531847108936401;0.0
null;1;234.0;0;4;0.3505448547566094;0.28298636879394806;0.3664687764494426;0.0
null;1;234.0;0;5;0.08822604879802819;0.5972105233763679;0.3145634278256038;0.0
null;1;234.0;0;6;0.43130637124869614;0.382783777741019;0.18590985101028487;0.0
null;1;234.0;0;7;0.3596048571747446;0.2732806371750381;0.36711450565021736;0.0
null;1;234.0;0;8;0.46031133802400487;0.12399601230204425;0.41569264967395086;0.0
null;1;234.0;0;9;0.4157619707805863;0.4367038119821121;0.14753421723730156;0.0
null;1;281.0;1;0;0.6706498276035541;0.266664466659814;0.06268570573663207;0.0
null;1;281.0;1;1;0.30144426557724413;0.3864214631215909;0.31213427130116506;0.0
null;1;281.0;1;2;0.34225499229336914;0.4341817407953783;0.22356326691125258;0.0
null;1;281.0;1;3;0.20179976215652834;0.43505107385232633;0.36314916399114533;0.0
null;1;281.0;1;4;0.16113542999389435;0.4585070288397607;0.3803575411663449;0.0
null;1;281.0;1;5;0.17860292081716717;0.36501213586966363;0.45638494331316926;0.0
null;1;281.0;1;6;0.23560907914502077;0.06636801088329762;0.6980229099716817;0.0
null;1;281.0;1;7;0.20002891077858007;0.16360275832768714;0.6363683308937328;0.0
null;1;281.0;1;8;0.42964883562594863;0.05723597411180429;0.5131151902622471;0.0
null;1;281.0;1;9;0.20041486837744302;0.12002027294713895;0.679564858675418;0.0
null;1;323.0;0;0;0.30677486497791323;0.48787471457019865;0.20535042045188812;0.0
null;1;323.0;0;1;0.21095531975450338;0.18027094362643356;0.6087737366190631;0.0
null;1;323.0;0;2;0.31744351757198314;0.16108123078626108;0.5214752516417559;0.0
null;1;323.0;0;3;0.5618313071696592;0.21064714026622242;0.22752155256411843;0.0
null;1;323.0;0;4;0.4512880397291763;0.10367777340917123;0.44503418686165247;0.0
null;1;323.0;0;5;0.28303874851601774;0.5317693796873648;0.1851918717966175;0.0
null;1;323.0;0;6;0.5318515133105048;0.0029754237841400433;0.4651730629053552;0.0
null;1;323.0;0;7;0.39995980430684847;0.08949309378940815;0.5105471019037435;0.0
null;1;323.0;0;8;0.005944081344011221;0.4052428480097982;0.5888130706461906;0.0
null;1;323.0;0;9;0.5786441071461582;0.11071997421295589;0.3106359186408859;0.0
null;1;335.0;1;0;0.4652514519514074;0.002317963150381206;0.5324305848982115;0.0
null;1;335.0;1;1;0.23429837842936727;0.03821620058690948;0.7274854209837233;0.0
null;1;335.0;1;2;0.15425677611598113;0.4301069387227585;0.4156362851612604;0.0
null;1;335.0;1;3;0.5375945077284467;0.3381055937741313;0.12429989849742201;0.0
null;1;335.0;1;4;0.6117747161287169;0.12131909158062902;0.26690619229065404;0.0
null;1;335.0;1;5;0.240324499612566;0.0310140757474154;0.7286614246400186;0.0
null;1;335.0;1;6;0.316895837040911;0.18020441898989759;0.5028997439691913;0.0
null;1;335.0;1;7;0.4307301666875456;0.155155707034285;0.4141141262781694;0.0
null;1;335.0;1;8;0.573571192554025;0.32969489712892863;0.09673391031704648;0.0
null;1;335.0;1;9;0.48068897580581005;0.0028026587503557983;0.5165083654438342;0.0
null;1;389.0;1;0;0.44057550200720796;0.3301699856597761;0.22925451233301591;0.0
null;1;389.0;1;1;0.37259526692801176;0.17185808367086505;0.4555466494011232;0.0
null;1;389.0;1;2;0.49256835377863484;0.21280162464004515;0.29463002158132;0.0
null;1;389.0;1;3;0.2504210653985054;0.21706705790661787;0.5325118766948768;0.0
null;1;389.0;1;4;0.4598109780206949;0.17225048393256762;0.36793853804673743;0.0
null;1;389.0;1;5;0.3399421461959963;0.16653536425961105;0.49352248954439265;0.0
null;1;389.0;1;6;0.26828558985575884;0.4203219695141633;0.311392440630078;0.0
null;1;389.0;1;7;0.2726910174071963;0.36102126594100903;0.3662877166517947;0.0
null;1;389.0;1;8;0.3706486109097143;0.3425968305680726;0.2867545585222131;0.0
null;1;389.0;1;9;0.37573777557513927;0.19623107843233337;0.42803114599252734;0.0
null;1;390.0;0;0;0.3446272459544203;0.3046425463670169;0.35073020767856283;0.0
null;1;390.0;0;1;0.5138605673117864;0.48566235020666026;4.770824815533504E-4;0.0
null;1;390.0;0;2;0.4199948860643372;0.3427505165204373;0.23725459741522548;0.0
null;1;390.0;0;3;0.3710245997695254;0.2812790904426619;0.3476963097878128;0.0
null;1;390.0;0;4;0.20471335363271007;0.3224286294724584;0.4728580168948316;0.0
null;1;390.0;0;5;0.34447230009561064;0.286864307733688;0.3686633921707013;0.0
null;1;390.0;0;6;0.22096656190570896;0.23938538763348619;0.5396480504608049;0.0
null;1;390.0;0;7;0.23406774511680048;0.09263294933315681;0.6732993055500427;0.0
null;1;390.0;0;8;0.8243672639871868;0.01638361980011284;0.15924911621270038;0.0
null;1;390.0;0;9;0.36038117800581493;0.34139498849102384;0.29822383350316134;0.0
null;1;443.0;1;0;0.1810732809251186;0.5374036848585846;0.28152303421629693;0.0
null;1;443.0;1;1;0.182368804624077;0.4020751089823776;0.4155560863935454;0.0
null;1;443.0;1;2;0.2306252076480325;0.6688499489030196;0.10052484344894792;0.0
null;1;443.0;1;3;0.07748348474702839;0.5510691651639144;0.3714473500890574;0.0
null;1;443.0;1;4;0.7984371502433493;0.19517335191328394;0.006389497843366791;0.0
null;1;443.0;1;5;0.4527826353932822;0.12119916309310841;0.42601820151360936;0.0
null;1;443.0;1;6;0.6490289118251672;0.09764848132005907;0.2533226068547737;0.0
null;1;443.0;1;7;0.4204034674526678;0.11584337842971808;0.4637531541176141;0.0
null;1;443.0;1;8;0.16872708837079153;0.11561933793455474;0.7156535736946538;0.0
null;1;443.0;1;9;0.35624907790915905;0.41548188011295806;0.22826904197788292;0.0
null;1;456.0;0;0;0.37741288851472243;0.0944369223711997;0.5281501891140779;0.0
null;1;456.0;0;1;0.37751619239203155;0.2908396283158728;0.33164417929209566;0.0
null;1;456.0;0;2;0.3289998819178063;0.1438677127531052;0.5271324053290884;0.0
null;1;456.0;0;3;0.10470778763587071;0.09708781663750718;0.798204395726622;0.0
null;1;456.0;0;4;0.3233060442785338;0.6236251523616704;0.05306880335979586;0.0
null;1;456.0;0;5;0.3292741856282804;0.39885132452983263;0.271874489841887;0.0
null;1;456.0;0;6;0.23682668087864228;0.29895237691111126;0.4642209422102465;0.0
null;1;456.0;0;7;0.41689451966809704;0.20462570656004891;0.37847977377185404;0.0
null;1;456.0;0;8;0.43531190212583976;0.27627660054970665;0.28841149732445354;0.0
null;1;456.0;0;9;0.20397438745497257;0.05990554489811862;0.7361200676469088;0.0
null;1;497.0;1;0;0.3036194535284875;0.3343678394399849;0.3620127070315276;0.0
null;1;497.0;1;1;0.5115766851829425;0.015507636445949017;0.4729156783711085;0.0
null;1;497.0;1;2;0.152796690251266;0.3692202045350407;0.47798310521369336;0.0
null;1;497.0;1;3;0.41286920308500474;0.513248143196022;0.0738826537189733;0.0
null;1;497.0;1;4;0.3934166434445305;0.2749566975636523;0.33162665899181726;0.0
null;1;497.0;1;5;0.490783443792002;0.053863525263531796;0.45535303094446616;0.0
null;1;497.0;1;6;0.34802409213411545;0.48086280287860483;0.17111310498727972;0.0
null;1;497.0;1;7;0.27502844739042964;0.28351450080772733;0.441457051801843;0.0
null;1;497.0;1;8;0.26821937739609064;0.14057242371950457;0.5912081988844048;0.0
null;1;497.0;1;9;0.08693528336430012;0.2718431327750198;0.6412215838606801;0.0
null;1;522.0;0;0;0.42212413538885446;0.4823578400681818;0.09551802454296379;0.0
null;1;522.0;0;1;0.06508596733798902;0.2970470963045175;0.6378669363574935;0.0
null;1;522.0;0;2;0.5684435242148722;0.3499738418493485;0.0815826339357793;0.0
null;1;522.0;0;3;0.28391962894644457;0.22445341086980455;0.49162696018375096;0.0
null;1;522.0;0;4;0.21099606666496062;0.3922041708095122;0.3967997625255272;0.0
null;1;522.0;0;5;0.65469268487884;0.005473504431331782;0.3398338106898282;0.0
null;1;522.0;0;6;0.2388695800128399;0.3871152062695576;0.37401521371760243;0.0
null;1;522.0;0;7;0.23402176240453132;0.2580593487966263;0.5079188887988425;0.0
null;1;522.0;0;8;0.1878077893148985;0.06175948679876172;0.7504327238863397;0.0
null;1;522.0;0;9;0.47743412666925705;0.347248029119577;0.17531784421116597;0.0
null;1;551.0;1;0;0.2946118579136444;0.2554661708824212;0.4499219712039344;0.0
null;1;551.0;1;1;0.05469937459033958;0.23756162950960233;0.7077389959000581;0.0
null;1;551.0;1;2;0.4568699093711465;0.02100633715040243;0.5221237534784511;0.0
null;1;551.0;1;3;0.4121415991168373;0.32703601869951515;0.26082238218364756;0.0
null;1;551.0;1;4;0.3992192727871117;0.1699861333983173;0.430794593814571;0.0
null;1;551.0;1;5;0.5251216008753254;0.34862947205003425;0.12624892707464028;0.0
null;1;551.0;1;6;0.3851813564357295;0.44978427645414215;0.16503436711012837;0.0
null;1;551.0;1;7;0.3871644770102019;0.36561126345553996;0.2472242595342582;0.0
null;1;551.0;1;8;0.5773942560150422;0.14678737653249044;0.27581836745246735;0.0
null;1;551.0;1;9;0.1416916164873634;0.42593323996217736;0.43237514355045925;0.0
null;1;589.0;0;0;0.3985583763784021;0.2695732444140867;0.33186837920751133;0.0
null;1;589.0;0;1;0.19305843820100285;0.47450562366497034;0.3324359381340268;0.0
null;1;589.0;0;2;0.18320634785424542;0.3994480002878742;0.4173456518578804;0.0
null;1;589.0;0;3;0.22927350715792227;0.06512884905773952;0.7055976437843382;0.0
null;1;589.0;0;4;0.15557014511173523;0.42593978334299726;0.4184900715452676;0.0
null;1;589.0;0;5;0.6528975336426501;0.04309977363299106;0.30400269272435887;0.0
null;1;589.0;0;6;0.33968973763613686;0.25317657737476024;0.4071336849891029;0.0
null;1;589.0;0;7;0.4771932690994855;0.4367437622760999;0.08606296862441458;0.0
null;1;589.0;0;8;0.33257289342303664;0.41453379432811466;0.25289331224884876;0.0
null;1;589.0;0;9;0.3726482291026032;0.24163128013315188;0.3857204907642449;0.0
null;1;605.0;1;0;0.5347822931702093;0.07322165188438651;0.3919960549454043;0.0
null;1;605.0;1;1;0.3301748667362215;0.35799215769802906;0.3118329755657494;0.0
null;1;605.0;1;2;0.4935540361775461;0.3245527425599853;0.18189322126246862;0.0
null;1;605.0;1;3;0.030964376473432524;0.5311515381578954;0.437884085368672;0.0
null;1;605.0;1;4;0.2662186853275895;0.6313542552805705;0.10242705939184003;0.0
null;1;605.0;1;5;0.6551130520877666;0.005089136662282047;0.33979781124995134;0.0
null;1;605.0;1;6;0.4629501952945623;0.3620823036064984;0.1749675010989394;0.0
null;1;605.0;1;7;0.6413052087201611;0.11462026383002548;0.24407452744981348;0.0
null;1;605.0;1;8;0.21233428981587585;0.38131554517352906;0.4063501650105951;0.0
null;1;605.0;1;9;0.040185469842369245;0.6158743628531652;0.3439401673044656;0.0
null;1;659.0;1;0;0.6826156448948211;0.1251051021496905;0.19227925295548842;0.0
null;1;659.0;1;1;0.4727679448147912;0.05032312462137599;0.4769089305638329;0.0
null;1;659.0;1;2;0.3942509130678592;0.5276471332005734;0.07810195373156746;0.0
null;1;659.0;1;3;0.23427258705834536;0.2958120560877679;0.4699153568538867;0.0
null;1;659.0;1;4;0.08858184868215234;0.11647909849795769;0.7949390528198901;0.0
null;1;659.0;1;5;0.45414788166117437;0.05216307989025466;0.493689038448571;0.0
null;1;659.0;1;6;0.2908803207350082;0.27382509769013097;0.4352945815748609;0.0
null;1;659.0;1;7;0.36621650989772647;0.5489113396383313;0.08487215046394231;0.0
null;1;659.0;1;8;0.2509704076382711;0.22779144711117733;0.5212381452505516;0.0
null;1;659.0;1;9;0.24413665660123365;0.36277113766673913;0.3930922057320272;0.0
null;1;673.0;0;0;0.4113144935869646;0.43127164587214956;0.15741386054088585;0.0
null;1;673.0;0;1;0.20497484347052586;0.4299146637392049;0.3651104927902693;0.0
null;1;673.0;0;2;0.43828154511121;0.20193242731089142;0.3597860275778986;0.0
null;1;673.0;0;3;0.384503144900116;0.08871258244129442;0.5267842726585895;0.0
null;1;673.0;0;4;0.3977362375870315;0.3116314195230055;0.29063234288996304;0.0
null;1;673.0;0;5;0.12508074857214066;0.4708936026192049;0.4040256488086545;0.0
null;1;673.0;0;6;0.2555397478630292;0.3363043743619609;0.4081558777750099;0.0
null;1;673.0;0;7;0.17977903175124055;0.4093296956113192;0.41089127263744035;0.0
null;1;673.0;0;8;0.6103374433900131;0.13779273533363753;0.2518698212763493;0.0
null;1;673.0;0;9;0.31498472800444616;0.4787681469057589;0.2062471250897949;0.0
null;1;713.0;1;0;0.4647194589200839;0.06315678352061728;0.47212375755929886;0.0
null;1;713.0;1;1;0.11446603200124726;0.37487094481979377;0.510663023178959;0.0
null;1;713.0;1;2;0.3941549957448234;0.3860626283131253;0.2197823759420513;0.0
null;1;713.0;1;3;0.11190145560121388;0.20275603477210427;0.685342509626682;0.0
null;1;713.0;1;4;0.3905108281625408;0.44475392798323243;0.16473524385422675;0.0
null;1;713.0;1;5;0.5326223392260416;0.01793252930998104;0.4494451314639774;0.0
null;1;713.0;1;6;0.27790972596630154;0.3962625750247667;0.3258276990089317;0.0
null;1;713.0;1;7;0.01651783930185872;0.3437893946445355;0.6396927660536058;0.0
null;1;713.0;1;8;0.4229504038531316;0.1572011195226149;0.4198484766242535;0.0
null;1;713.0;1;9;0.014871215802045666;0.49258083317872053;0.4925479510192338;0.0
null;1;756.0;0;0;0.5828478384900231;0.39230185430119946;0.02485030720877746;0.0
null;1;756.0;0;1;0.05997266050534996;0.6807041079892601;0.25932323150538994;0.0
null;1;756.0;0;2;0.24734169251136526;0.09315048439182078;0.659507823096814;0.0
null;1;756.0;0;3;0.2655683351377232;0.1640875901503628;0.570344074711914;0.0
null;1;756.0;0;4;0.2163546823040036;0.2808880713059146;0.5027572463900819;0.0
null;1;756.0;0;5;0.6230628890121133;0.3466242047328865;0.030312906255000244;0.0
null;1;756.0;0;6;0.3309960856632939;0.4060209229689599;0.26298299136774617;0.0
null;1;756.0;0;7;0.4869970760640315;0.4390085761845074;0.07399434775146116;0.0
null;1;756.0;0;8;0.6553816736458147;0.3099222969826094;0.034696029371575975;0.0
null;1;756.0;0;9;0.058686291790887524;0.6810452529368498;0.2602684552722627;0.0
null;1;767.0;1;0;0.3606433368818594;0.33777039924956415;0.30158626386857645;0.0
null;1;767.0;1;1;0.14058838433211493;0.5780499036996494;0.28136171196823573;0.0
null;1;767.0;1;2;0.4079855427738461;0.2831177490196186;0.3088967082065353;0.0
null;1;767.0;1;3;0.5919243653788189;0.1045087828155429;0.30356685180563825;0.0
null;1;767.0;1;4;0.32086651010728034;0.620637042591033;0.058496447301686655;0.0
null;1;767.0;1;5;0.5163758928402874;0.44013996719386766;0.043484139965845;0.0
null;1;767.0;1;6;0.33124474589665526;0.32001644923251127;0.34873880487083353;0.0
null;1;767.0;1;7;0.18457541096052155;0.5345390514151783;0.28088553762430024;0.0
null;1;767.0;1;8;0.4852254794766773;0.37528697432767694;0.13948754619564585;0.0
null;1;767.0;1;9;0.28893560846790234;0.34745271003761835;0.36361168149447937;0.0
null;1;820.0;0;0;0.22462333333724224;0.7133879228985804;0.06198874376417735;0.0
null;1;820.0;0;1;0.4372977714425485;0.07571694519431187;0.4869852833631396;0.0
null;1;820.0;0;2;0.313216789932466;0.3656075982480651;0.32117561181946896;0.0
null;1;820.0;0;3;0.3106747661590459;0.0049482758905016935;0.6843769579504524;0.0
null;1;820.0;0;4;0.6025686023873449;0.346042677713102;0.051388719899553174;0.0
null;1;820.0;0;5;0.12282305893044408;0.5213573726680883;0.3558195684014676;0.0
null;1;820.0;0;6;0.6549807609364765;0.30597879481511103;0.039040444248412534;0.0
null;1;820.0;0;7;0.3671407307806759;0.43116411496183515;0.20169515425748893;0.0
null;1;820.0;0;8;0.37332423412771565;0.19541181664848564;0.4312639492237988;0.0
null;1;820.0;0;9;0.26673581543697567;0.3030749518911913;0.430189232671833;0.0
null;1;821.0;1;0;0.41681432467216895;0.35742386816643656;0.22576180716139457;0.0
null;1;821.0;1;1;0.4446772519858744;0.08780207718252798;0.46752067083159765;0.0
null;1;821.0;1;2;0.37502914252544395;0.37798552338212554;0.24698533409243056;0.0
null;1;821.0;1;3;0.2946931592664968;0.41952910167652047;0.28577773905698267;0.0
null;1;821.0;1;4;0.22291529825747822;0.5353463126811778;0.24173838906134404;0.0
null;1;821.0;1;5;0.26221761157970885;0.2784766982633223;0.4593056901569689;0.0
null;1;821.0;1;6;0.18193672627555246;0.4503226645088439;0.36774060921560364;0.0
null;1;821.0;1;7;0.2882573831558918;0.35130272346296043;0.36043989338114785;0.0
null;1;821.0;1;8;0.3407717955772669;0.3162286449326894;0.34299955949004374;0.0
null;1;821.0;1;9;0.322095198138188;0.38773169207083097;0.29017310979098093;0.0
null;1;875.0;1;0;0.4527694566249118;0.1977111315434244;0.34951941183166385;0.0
null;1;875.0;1;1;0.45946862245930203;0.49104780760424643;0.049483569936451595;0.0
null;1;875.0;1;2;0.2559558103712027;0.35765398313964175;0.3863902064891556;0.0
null;1;875.0;1;3;0.5641509644590974;0.43463768547187237;0.0012113500690303402;0.0
null;1;875.0;1;4;0.26445671617181044;0.11635436570160398;0.6191889181265857;0.0
null;1;875.0;1;5;0.2126256685471964;0.43324973433783714;0.35412459711496647;0.0
null;1;875.0;1;6;0.3560524903534766;0.6064456369869279;0.03750187265959553;0.0
null;1;875.0;1;7;0.17006828380407266;0.1653082479725662;0.6646234682233612;0.0
null;1;875.0;1;8;0.4472077991025473;0.40088275534579704;0.15190944555165561;0.0
null;1;875.0;1;9;0.018130068655970027;0.3200970793444608;0.6617728519995691;0.0
null;1;903.0;0;0;0.30814119108143884;0.4041376555256768;0.2877211533928844;0.0
null;1;903.0;0;1;0.14823298907776306;0.5790232800679174;0.27274373085431963;0.0
null;1;903.0;0;2;0.12825700062401604;0.5684205034254343;0.30332249595054966;0.0
null;1;903.0;0;3;0.4793467308687338;0.20623795267822323;0.31441531645304294;0.0
null;1;903.0;0;4;0.3322398552070662;0.6271654245479622;0.04059472024497152;0.0
null;1;903.0;0;5;0.5158654469262758;0.2935463766088852;0.19058817646483897;0.0
null;1;903.0;0;6;0.3994247513439865;0.23032494286634572;0.3702503057896679;0.0
null;1;903.0;0;7;0.4052343519711645;0.14429070035834698;0.4504749476704885;0.0
null;1;903.0;0;8;0.3820407150648192;0.39969060859142014;0.21826867634376068;0.0
null;1;903.0;0;9;0.20547532270544447;0.3781620461910732;0.4163626311034823;0.0
null;1;929.0;1;0;0.059992901195753824;0.6984070540233831;0.24160004478086308;0.0
null;1;929.0;1;1;0.32937677461628734;0.5235361742740555;0.14708705110965722;0.0
null;1;929.0;1;2;0.31033961074324035;0.16037341959081813;0.5292869696659415;0.0
null;1;929.0;1;3;0.46635293433348807;0.5061606666801982;0.027486398986313738;0.0
null;1;929.0;1;4;0.5826893346673242;0.29499513343550526;0.12231553189717059;0.0
null;1;929.0;1;5;0.6254724896898474;0.09051165074227584;0.28401585956787684;0.0
null;1;929.0;1;6;0.33725112866559787;0.3354689990727963;0.3272798722616058;0.0
null;1;929.0;1;7;0.9292337063222056;0.04292766195676296;0.02783863172103146;0.0
null;1;929.0;1;8;0.41425259496524236;0.18518850208209847;0.4005589029526592;0.0
null;1;929.0;1;9;0.37407682322464103;0.2977688713204184;0.3281543054549407;0.0
null;1;983.0;1;0;0.4620905217952539;0.4328861743919439;0.10502330381280228;0.0
null;1;983.0;1;1;0.5114176794063555;0.1167503399032096;0.3718319806904349;0.0
null;1;983.0;1;2;0.43420868759772846;0.47157606169433663;0.09421525070793495;0.0
null;1;983.0;1;3;0.05985926651806756;0.8327983486733145;0.10734238480861796;0.0
null;1;983.0;1;4;0.13436780949994478;0.39174794006537755;0.4738842504346776;0.0
null;1;983.0;1;5;0.6078483024449438;0.008873665655744937;0.38327803189931114;0.0
null;1;983.0;1;6;0.11342426250043075;0.6206825076334901;0.26589322986607916;0.0
null;1;983.0;1;7;0.39966822825295145;0.5229797771147809;0.07735199463226769;0.0
null;1;983.0;1;8;0.625487651325639;0.27525509939309944;0.09925724928126156;0.0
null;1;983.0;1;9;0.34593682024990174;0.44899462832713105;0.2050685514229672;0.0
null;1;985.0;0;0;0.1887345275637928;0.5437778914132392;0.26748758102296794;0.0
null;1;985.0;0;1;0.16108196713719475;0.36456729423260986;0.4743507386301954;0.0
null;1;985.0;0;2;0.1854645297268466;0.397023619522623;0.4175118507505304;0.0
null;1;985.0;0;3;0.4148828900800797;0.3163419698700528;0.26877514004986747;0.0
null;1;985.0;0;4;0.6810493383860992;0.26497529716204793;0.0539753644518529;0.0
null;1;985.0;0;5;0.11892217740028073;0.3703500191150676;0.5107278034846517;0.0
null;1;985.0;0;6;0.2394587106170302;0.45778877218940517;0.3027525171935648;0.0
null;1;985.0;0;7;0.3981093477510166;0.15808908154208592;0.44380157070689746;0.0
null;1;985.0;0;8;0.3287861997479136;0.6169826359583453;0.05423116429374106;0.0
null;1;985.0;0;9;0.20085074596192087;0.35767805128428215;0.441471202753797;0.0
prefix;runID;tick;strategistID;generation;p1;p2;p3;predictedProfit
null;1;12.0;1;0;0.3019645870164154;0.4587345432752288;0.23930086970835582;0.0
null;1;12.0;1;1;0.682512567481473;0.17485974924035655;0.14262768327817046;0.0
null;1;12.0;1;2;0.07739839334243158;0.4912449274142177;0.4313566792433508;0.0
null;1;12.0;1;3;0.17645812261020877;0.44013579192305474;0.3834060854667366;0.0
null;1;12.0;1;4;0.5144640977750289;0.37341152479929135;0.11212437742567982;0.0
null;1;12.0;1;5;0.5432362475632927;0.18991744302325572;0.26684630941345155;0.0
null;1;12.0;1;6;0.1218386455634423;0.20448403320473463;0.6736773212318231;0.0
null;1;12.0;1;7;0.4934326979143169;0.06261056263366947;0.44395673945201364;0.0
null;1;12.0;1;8;0.217568043837711;0.38696488366239323;0.39546707249989577;0.0
null;1;12.0;1;9;0.13115371328455366;0.42771991930735037;0.441126367408096;0.0
null;1;67.0;1;0;0.5581511443918371;0.15410555838897008;0.2877432972191928;0.0
null;1;67.0;1;1;0.5536468248161843;0.3235448557186842;0.1228083194651316;0.0
null;1;67.0;1;2;0.4567197419637977;0.21356814866620777;0.32971210936999445;0.0
null;1;67.0;1;3;0.18591891657690945;0.5289386413440341;0.2851424420790564;0.0
null;1;67.0;1;4;0.2636074843743831;0.3682658607946935;0.3681266548309235;0.0
null;1;67.0;1;5;0.3524919747857615;0.5507871753450566;0.0967208498691818;0.0
null;1;67.0;1;6;0.3136934696426078;0.3379783722855709;0.34832815807182127;0.0
null;1;67.0;1;7;0.4561254377283802;0.3432590177683146;0.20061554450330524;0.0
null;1;67.0;1;8;0.2541646941135324;0.6098748603788366;0.13596044550763103;0.0
null;1;67.0;1;9;0.004022856436071767;0.555692613277995;0.44028453028593323;0.0
null;1;101.0;0;0;0.4175967834398737;0.25879590173966793;0.32360731482045835;0.0
null;1;101.0;0;1;0.4330817902817377;0.45388667254665416;0.1130315371716081;0.0
null;1;101.0;0;2;0.2922074326801694;0.15496813012718283;0.5528244371926477;0.0
null;1;101.0;0;3;0.01369326356901039;0.4586854355662627;0.5276213008647269;0.0
null;1;101.0;0;4;0.2766772984023184;0.3149512670278458;0.4083714345698358;0.0
null;1;101.0;0;5;0.23620768407900997;0.46160961416380303;0.3021827017571869;0.0
null;1;101.0;0;6;0.44082521931612045;0.4570069430370314;0.10216783764684825;0.0
null;1;101.0;0;7;0.40330957388318944;0.22302461601888332;0.37366581009792726;0.0
null;1;101.0;0;8;0.4083469278591804;0.10101470008901088;0.49063837205180877;0.0
null;1;101.0;0;9;0.5157143066714721;0.48080640584123563;0.0034792874872921786;0.0
null;1;121.0;1;0;0.5068513620764128;0.3399993828359497;0.1531492550876375;0.0
null;1;121.0;1;1;0.15757521590666745;0.04256340815345163;0.7998613759398809;0.0
null;1;121.0;1;2;0.11504532369854378;0.631704784489748;0.25324989181170826;0.0
null;1;121.0;1;3;0.2085850097154971;0.2479232220164807;0.5434917682680221;0.0
null;1;121.0;1;4;0.14998603358524756;0.5226519004487594;0.3273620659659931;0.0
null;1;121.0;1;5;0.03981222165806675;0.40828726217782196;0.5519005161641113;0.0
null;1;121.0;1;6;0.6980766968266013;0.2438922836996544;0.058031019473744304;0.0
null;1;121.0;1;7;0.312662406893094;0.3250919987149471;0.3622455943919589;0.0
null;1;121.0;1;8;0.3612639834195655;0.1394821405045785;0.49925387607585603;0.0
null;1;121.0;1;9;0.4696347392241659;0.24590284312823968;0.2844624176475946;0.0
null;1;167.0;0;0;0.3765351657041814;0.09561203606359048;0.5278527982322281;0.0
null;1;167.0;0;1;0.6411879781934782;0.32344966405589987;0.03536235775062188;0.0
null;1;167.0;0;2;0.36231417387083326;0.12313498739596189;0.5145508387332048;0.0
null;1;167.0;0;3;0.37489722862413355;0.271472548022716;0.35363022335315053;0.0
null;1;167.0;0;4;0.34134262878510513;0.3036810744390247;0.3549762967758701;0.0
null;1;167.0;0;5;0.42703339270090956;0.1260933969371928;0.44687321036189775;0.0
null;1;167.0;0;6;0.5095995084577569;0.3419714014899222;0.14842909005232083;0.0
null;1;167.0;0;7;0.47758988493907073;0.26476199017748175;0.2576481248834475;0.0
null;1;167.0;0;8;0.11513323376065532;0.3156942760635552;0.5691724901757895;0.0
null;1;167.0;0;9;0.4006605460086179;0.18165008138992303;0.41768937260145905;0.0
null;1;175.0;1;0;0.4962327126462866;0.46865921422542106;0.035108073128292304;0.0
null;1;175.0;1;1;0.33926761705048825;0.17081042048638947;0.4899219624631222;0.0
null;1;175.0;1;2;0.4539622044359753;0.23943911412535213;0.3065986814386726;0.0
null;1;175.0;1;3;0.5397870457571048;0.21426954292950973;0.24594341131338548;0.0
null;1;175.0;1;4;0.7590540442639135;0.04827790950339844;0.19266804623268796;0.0
null;1;175.0;1;5;0.2728614026607372;0.32224502650687525;0.40489357083238753;0.0
null;1;175.0;1;6;0.26590724425373385;0.6042497134526085;0.1298430422936577;0.0
null;1;175.0;1;7;0.4156185956109686;0.4262405257392018;0.15814087864982967;0.0
null;1;175.0;1;8;0.40994509863496725;0.17813153162554485;0.41192336973948795;0.0
null;1;175.0;1;9;0.490450458499311;0.49348227623774954;0.016067265262939487;0.0
null;1;229.0;1;0;0.36830546507827777;0.09270424685732065;0.5389902880644016;0.0
null;1;229.0;1;1;0.40270168533640127;0.39242917427691615;0.20486914038668264;0.0
null;1;229.0;1;2;0.29255406112347015;0.31856848893345924;0.38887744994307066;0.0
null;1;229.0;1;3;0.42350169156819695;0.5173996041072046;0.05909870432459844;0.0
null;1;229.0;1;4;0.35534089357076615;0.10571985262565345;0.5389392538035804;0.0
null;1;229.0;1;5;0.35188727384427676;0.24295288970778758;0.4051598364479357;0.0
null;1;229.0;1;6;0.1412732139076096;0.2852585987868637;0.5734681873055267;0.0
null;1;229.0;1;7;0.09353486845951542;0.40236343514912865;0.5041016963913559;0.0
null;1;229.0;1;8;0.11064957737439915;0.40572024941975615;0.4836301732058448;0.0
null;1;229.0;1;9;0.2204495028375809;0.4707728386395314;0.30877765852288774;0.0
null;1;248.0;0;0;0.33580311316219447;0.36853389232028577;0.29566299451751976;0.0
null;1;248.0;0;1;0.3313341378795136;0.4383783022278543;0.2302875598926321;0.0
null;1;248.0;0;2;0.37479396032662576;0.21896740999125583;0.4062386296821185;0.0
null;1;248.0;0;3;0.2887097940892591;0.24155607309468227;0.4697341328160586;0.0
null;1;248.0;0;4;0.4196212516863088;0.10948844815046072;0.47089030016323047;0.0
null;1;248.0;0;5;0.2600739668982511;0.11721422364787484;0.622711809453874;0.0
null;1;248.0;0;6;0.2513534436152586;0.464997695957014;0.28364886042772747;0.0
null;1;248.0;0;7;0.6570022772618159;0.3033595957427421;0.03963812699544198;0.0
null;1;248.0;0;8;0.12744465093775553;0.6042692326720593;0.2682861163901851;0.0
null;1;248.0;0;9;0.19500752821132536;0.32383079202152215;0.4811616797671525;0.0
null;1;283.0;1;0;0.8300518362974093;0.10560290161018313;0.06434526209240758;0.0
null;1;283.0;1;1;0.13414872425404956;0.6096586784390073;0.25619259730694316;0.0
null;1;283.0;1;2;0.46103133350320513;0.23680893651854246;0.3021597299782524;0.0
null;1;283.0;1;3;0.1996194026019781;0.3907439950064454;0.4096366023915765;0.0
null;1;283.0;1;4;0.5578856912178061;0.23405054599284605;0.20806376278934796;0.0
null;1;283.0;1;5;0.242365203297117;0.3726931041470834;0.3849416925557995;0.0
null;1;283.0;1;6;0.5718490157184327;0.31906812502092224;0.1090828592606451;0.0
null;1;283.0;1;7;0.49056265099306484;0.17590969660749775;0.3335276523994373;0.0
null;1;283.0;1;8;0.32076381115261215;0.1265541519158331;0.5526820369315548;0.0
null;1;283.0;1;9;0.39079698225810383;0.3950253030152658;0.21417771472663036;0.0
null;1;315.0;0;0;0.30426629938235517;0.31876813600876935;0.3769655646088754;0.0
null;1;315.0;0;1;0.2597257457087655;0.13355424825931825;0.6067200060319162;0.0
null;1;315.0;0;2;0.3018434823419703;0.30214499907041203;0.3960115185876178;0.0
null;1;315.0;0;3;0.12036254209888007;0.3093404715403531;0.5702969863607669;0.0
null;1;315.0;0;4;0.29148661850815666;0.4972211275422351;0.2112922539496083;0.0
null;1;315.0;0;5;0.5141188272996638;0.2575395320083343;0.2283416406920018;0.0
null;1;315.0;0;6;0.4872282345161717;0.49583029085968655;0.016941474624141806;0.0
null;1;315.0;0;7;0.19663867354792505;0.2905751118575564;0.5127862145945186;0.0
null;1;315.0;0;8;0.5263876565447103;0.12603472093160534;0.34757762252368446;0.0
null;1;315.0;0;9;0.4659471403077377;0.4582305249785692;0.07582233471369308;0.0
null;1;337.0;1;0;0.0775518713777724;0.0024946144989911006;0.9199535141232364;0.0
null;1;337.0;1;1;0.5421309631993868;0.3783326647557351;0.07953637204487815;0.0
null;1;337.0;1;2;0.45959433569086444;0.064157660173688;0.4762480041354476;0.0
null;1;337.0;1;3;0.6601047568175131;0.1522156897619693;0.18767955342051765;0.0
null;1;337.0;1;4;0.4814006016693027;0.48002362771271595;0.03857577061798136;0.0
null;1;337.0;1;5;0.5407220138494613;0.3941809683939185;0.06509701775662019;0.0
null;1;337.0;1;6;0.46098603120886955;0.5223653452824794;0.016648623508651154;0.0
null;1;337.0;1;7;0.4063334102332647;0.3064089548724636;0.2872576348942717;0.0
null;1;337.0;1;8;0.3506952241569746;0.6369416084072822;0.012363167435743283;0.0
null;1;337.0;1;9;0.20476599396059253;0.49366009809690553;0.30157390794250194;0.0
null;1;381.0;0;0;0.0670715900052458;0.13265040682113366;0.8002780031736205;0.0
null;1;381.0;0;1;0.3811426000757268;0.3714244401772443;0.24743295974702892;0.0
null;1;381.0;0;2;0.6385943622717677;0.3591524072971708;0.0022532304310615386;0.0
null;1;381.0;0;3;0.3680642968664595;0.22858905991104536;0.40334664322249525;0.0
null;1;381.0;0;4;0.4554698400191157;0.4066922202689249;0.13783793971195946;0.0
null;1;381.0;0;5;0.8188146580312536;0.0025911889444894093;0.17859415302425694;0.0
null;1;381.0;0;6;0.4756654992074101;0.18664729868278404;0.33768720210980585;0.0
null;1;381.0;0;7;0.2034902467516548;0.5407667295509851;0.2557430236973601;0.0
null;1;381.0;0;8;0.37695419004471387;0.1964001724789662;0.4266456374763199;0.0
null;1;381.0;0;9;0.12027388338055157;0.4944087335449473;0.38531738307450114;0.0
null;1;391.0;1;0;0.030933025250597282;0.4963355629405901;0.4727314118088126;0.0
null;1;391.0;1;1;0.2026559910502822;0.3733310409935878;0.42401296795612997;0.0
null;1;391.0;1;2;0.4281614216425114;0.22819371860888732;0.3436448597486013;0.0
null;1;391.0;1;3;0.3266866800488642;0.41432944180929004;0.2589838781418458;0.0
null;1;391.0;1;4;0.22950511387374264;0.20517188215507604;0.5653230039711813;0.0
null;1;391.0;1;5;0.6184831192833344;0.3802928412777821;0.001224039438883462;0.0
null;1;391.0;1;6;0.24898727046206962;0.35949941337125974;0.3915133161666707;0.0
null;1;391.0;1;7;0.5677814491981376;0.13956916714208442;0.292649383659778;0.0
null;1;391.0;1;8;0.4160973786760943;0.37531525564698837;0.20858736567691727;0.0
null;1;391.0;1;9;0.12511016618861803;0.6188477493590927;0.25604208445228926;0.0
null;1;432.0;0;0;0.43127934997531153;0.34251906574514995;0.22620158427953854;0.0
null;1;432.0;0;1;0.40936215812953636;0.23138846580023437;0.35924937607022933;0.0
null;1;432.0;0;2;0.128957096711679;0.1432012728171303;0.7278416304711908;0.0
null;1;432.0;0;3;0.5871865516004544;0.31041716249568574;0.10239628590385981;0.0
null;1;432.0;0;4;0.416809124702775;0.557482209348605;0.025708665948619938;0.0
null;1;432.0;0;5;0.31546770933502666;0.0991697379184431;0.5853625527465303;0.0
null;1;432.0;0;6;0.15457657044258444;0.43933279369601896;0.40609063586139665;0.0
null;1;432.0;0;7;0.04887363161931282;0.47294009859240366;0.4781862697882835;0.0
null;1;432.0;0;8;0.5400673145035259;0.44208205179897897;0.017850633697495184;0.0
null;1;432.0;0;9;0.3595119527360528;0.2762020661537333;0.36428598111021393;0.0
null;1;445.0;1;0;0.37429059429429656;0.2346928256277719;0.39101658007793155;0.0
null;1;445.0;1;1;0.5119742442080606;0.2648374761460133;0.22318827964592625;0.0
null;1;445.0;1;2;0.022591379270022804;0.3939279324728392;0.5834806882571381;0.0
null;1;445.0;1;3;0.1551388730137845;0.4219545507133334;0.4229065762728821;0.0
null;1;445.0;1;4;0.23895820379848715;0.2952777238322292;0.46576407236928374;0.0
null;1;445.0;1;5;0.40735387782561694;0.18642750939018185;0.40621861278420124;0.0
null;1;445.0;1;6;0.35564041078435343;0.3001407765400318;0.3442188126756148;0.0
null;1;445.0;1;7;0.19529316500749155;0.5985760513404803;0.2061307836520282;0.0
null;1;445.0;1;8;0.5075887047968588;0.43635641417331145;0.056054881029829806;0.0
null;1;445.0;1;9;0.5955907120138155;0.17405000382285815;0.23035928416332638;0.0
null;1;484.0;0;0;0.7483362445551252;0.1568491393428505;0.0948146161020244;0.0
null;1;484.0;0;1;0.40954250267369463;0.5445620245537064;0.045895472772599005;0.0
null;1;484.0;0;2;0.33575918942574867;0.2790010684738043;0.38523974210044704;0.0
null;1;484.0;0;3;0.5124082258523459;0.35001294567255004;0.13757882847510405;0.0
null;1;484.0;0;4;0.31856310362793366;0.03153772272293925;0.6498991736491271;0.0
null;1;484.0;0;5;0.40167996849564314;0.18018884277755304;0.4181311887268038;0.0
null;1;484.0;0;6;0.42161612097140966;0.18564900413762533;0.3927348748909651;0.0
null;1;484.0;0;7;0.5710469103771448;0.2818351363770942;0.14711795324576096;0.0
null;1;484.0;0;8;0.13787458697099006;0.693141645140362;0.16898376788864805;0.0
null;1;484.0;0;9;0.1938220399173292;0.2595974011085809;0.54658055897409;0.0
null;1;499.0;1;0;0.3554865712096275;0.3705201624949885;0.27399326629538395;0.0
null;1;499.0;1;1;0.24327237469368257;0.3326643542871326;0.42406327101918484;0.0
null;1;499.0;1;2;0.10696693936046867;0.4516271272018902;0.4414059334376412;0.0
null;1;499.0;1;3;0.48385070066910785;0.17301706006204393;0.3431322392688483;0.0
null;1;499.0;1;4;0.23729851749018258;0.6695218656842913;0.09317961682552621;0.0
null;1;499.0;1;5;0.371457370541762;0.09568452606120434;0.5328581033970337;0.0
null;1;499.0;1;6;0.2295440728386336;0.32879756580320346;0.441658361358163;0.0
null;1;499.0;1;7;0.15831832224015518;0.46258191262690457;0.3790997651329402;0.0
null;1;499.0;1;8;0.30666537546802863;0.44969906507657575;0.24363555945539556;0.0
null;1;499.0;1;9;0.2538214270944036;0.3618433498561453;0.38433522304945106;0.0
null;1;551.0;0;0;0.10082833190656085;0.7112641978390338;0.1879074702544053;0.0
null;1;551.0;0;1;0.3863829781834294;0.4445697091364686;0.16904731268010198;0.0
null;1;551.0;0;2;0.30398394880692947;0.33844315477168846;0.3575728964213822;0.0
null;1;551.0;0;3;0.48251174511060985;0.08155063841667669;0.43593761647271345;0.0
null;1;551.0;0;4;0.29807819061998475;0.33873978148438294;0.3631820278956323;0.0
null;1;551.0;0;5;0.5225856435705563;0.22592814288069396;0.2514862135487498;0.0
null;1;551.0;0;6;0.23325002667793387;0.4345155812633303;0.3322343920587359;0.0
null;1;551.0;0;7;0.4480779456367143;0.31039265618731193;0.24152939817597374;0.0
null;1;551.0;0;8;0.2075838819721846;0.47778703712180226;0.31462908090601327;0.0
null;1;551.0;0;9;0.35065121785136083;0.40157984761837884;0.24776893453026033;0.0
null;1;553.0;1;0;0.37635652691289007;0.38413485302448874;0.23950862006262125;0.0
null;1;553.0;1;1;0.00286014603357323;0.517823321308985;0.47931653265744184;0.0
null;1;553.0;1;2;0.2355236842307664;0.441142067716158;0.3233342480530756;0.0
null;1;553.0;1;3;0.25198669728052797;0.32866048141218507;0.41935282130728696;0.0
null;1;553.0;1;4;0.048286356574515805;0.346199672584275;0.6055139708412093;0.0
null;1;553.0;1;5;0.34392026878748183;0.5445745871137326;0.11150514409878565;0.0
null;1;553.0;1;6;0.03459524266543872;0.38506934575172125;0.5803354115828401;0.0
null;1;553.0;1;7;0.2588619525324073;0.37303364841185;0.3681043990557428;0.0
null;1;553.0;1;8;0.005631394850613167;0.30046062757827535;0.6939079775711116;0.0
null;1;553.0;1;9;0.043843479818079165;0.466962974502283;0.4891935456796378;0.0
null;1;603.0;0;0;0.14599882967661038;0.8507395359369273;0.0032616343864623446;0.0
null;1;603.0;0;1;0.3436349861546511;0.3268829877865037;0.3294820260588451;0.0
null;1;603.0;0;2;0.4512471106945202;0.15791817410099945;0.39083471520448027;0.0
null;1;603.0;0;3;0.028150026333028762;0.2680488894954351;0.7038010841715361;0.0
null;1;603.0;0;4;0.18475382289517128;0.33121267303157914;0.4840335040732496;0.0
null;1;603.0;0;5;0.1457347482462599;0.45687077097165485;0.3973944807820852;0.0
null;1;603.0;0;6;0.20801689356247355;0.4926946367720534;0.29928846966547307;0.0
null;1;603.0;0;7;0.14646743900610532;0.48049105982904894;0.37304150116484586;0.0
null;1;603.0;0;8;0.20857702485844126;0.37497268911937853;0.41645028602218015;0.0
null;1;603.0;0;9;0.34257811061597376;0.004556849400550253;0.652865039983476;0.0
null;1;607.0;1;0;0.4742366268894052;0.0870289874256787;0.43873438568491613;0.0
null;1;607.0;1;1;0.31656616472923765;0.3727950618053007;0.3106387734654616;0.0
null;1;607.0;1;2;0.11516646609105793;0.3837982742107073;0.5010352596982348;0.0
null;1;607.0;1;3;0.27266248770990315;0.33626569450989996;0.3910718177801969;0.0
null;1;607.0;1;4;0.5358746286402769;0.21614367059651074;0.24798170076321233;0.0
null;1;607.0;1;5;0.069455003461046;0.3262389377440972;0.6043060587948568;0.0
null;1;607.0;1;6;0.4516782660752829;0.3884270797497442;0.15989465417497287;0.0
null;1;607.0;1;7;0.18633558689083451;0.5087515847964179;0.3049128283127476;0.0
null;1;607.0;1;8;0.7813089598390941;0.14280169587368036;0.07588934428722557;0.0
null;1;607.0;1;9;0.20898251609446555;0.46622209748479515;0.3247953864207393;0.0
null;1;654.0;0;0;0.5704576790669496;0.005552191804901301;0.4239901291281491;0.0
null;1;654.0;0;1;0.44433903640995553;0.29387417647692615;0.2617867871131183;0.0
null;1;654.0;0;2;0.14243351267113571;0.27455626558230467;0.5830102217465596;0.0
null;1;654.0;0;3;0.13896839184022586;0.6865753411353067;0.17445626702446745;0.0
null;1;654.0;0;4;0.8854748159612484;0.08190494042809733;0.032620243610654215;0.0
null;1;654.0;0;5;0.14494231000213392;0.4721415380354439;0.3829161519624222;0.0
null;1;654.0;0;6;0.4571642887372284;0.4137999509147449;0.12903576034802663;0.0
null;1;654.0;0;7;0.4736771004569006;0.23714747872367334;0.28917542081942615;0.0
null;1;654.0;0;8;0.22418780671545324;0.2983300844815784;0.4774821088029684;0.0
null;1;654.0;0;9;0.2582818445004825;0.339042592665335;0.4026755628341825;0.0
null;1;661.0;1;0;0.4250258549269219;0.4746457821659175;0.1003283629071606;0.0
null;1;661.0;1;1;0.2751018612477785;0.32027287977550173;0.40462525897671975;0.0
null;1;661.0;1;2;0.27994160193510137;0.5682303399908541;0.1518280580740445;0.0
null;1;661.0;1;3;0.49144011044293084;0.4210684904535688;0.08749139910350034;0.0
null;1;661.0;1;4;0.2517507416478261;0.017489495971415348;0.7307597623807585;0.0
null;1;661.0;1;5;0.3340551266922011;0.6617618055931124;0.0041830677146864805;0.0
null;1;661.0;1;6;0.2670476966069669;0.5174919115041553;0.2154603918888778;0.0
null;1;661.0;1;7;0.41132143369913926;0.1552877618458152;0.4333908044550455;0.0
null;1;661.0;1;8;0.26462443803515917;0.07027503837159103;0.6651005235932498;0.0
null;1;661.0;1;9;0.12999448052387547;0.1442438059755569;0.7257617135005676;0.0
null;1;706.0;0;0;0.2807506840097717;0.5518819210080387;0.1673673949821896;0.0
null;1;706.0;0;1;0.19225315867323117;0.3460979293238985;0.4616489120028704;0.0
null;1;706.0;0;2;0.3119011113519161;0.31924356450674923;0.3688553241413346;0.0
null;1;706.0;0;3;0.12555312084292325;0.3669693998089543;0.5074774793481224;0.0
null;1;706.0;0;4;0.4689023473121399;0.4713658380506164;0.059731814637243655;0.0
null;1;706.0;0;5;0.3995524856686425;0.46009919976734215;0.1403483145640154;0.0
null;1;706.0;0;6;0.7370041968954524;0.19993291177124223;0.06306289133330541;0.0
null;1;706.0;0;7;0.41569027217134585;0.3137839179517774;0.27052580987687685;0.0
null;1;706.0;0;8;0.4969421159214727;0.018593295659149734;0.4844645884193777;0.0
null;1;706.0;0;9;0.4584058292035501;0.39274192212051195;0.14885224867593796;0.0
null;1;715.0;1;0;0.42130334037393447;0.5070465175566337;0.07165014206943195;0.0
null;1;715.0;1;1;0.36455646176162654;0.15212968128934404;0.48331385694902945;0.0
null;1;715.0;1;2;0.16639477843106884;0.6646244184516206;0.16898080311731067;0.0
null;1;715.0;1;3;0.49320024064099066;0.3009324810346965;0.20586727832431287;0.0
null;1;715.0;1;4;0.34068637613757646;0.48460070173507264;0.174712922127351;0.0
null;1;715.0;1;5;0.4452088183890477;0.20603751892703698;0.3487536626839154;0.0
null;1;715.0;1;6;0.1103710957891951;0.3386820557762528;0.5509468484345521;0.0
null;1;715.0;1;7;0.11548017991412943;0.39605369533038687;0.4884661247554838;0.0
null;1;715.0;1;8;0.7847651927982077;0.164634306913031;0.05060050028876145;0.0
null;1;715.0;1;9;0.4826049081040157;0.18450497300533675;0.33289011889064757;0.0
null;1;758.0;0;0;0.30814117986721196;0.47593161429035963;0.21592720584242842;0.0
null;1;758.0;0;1;0.4461636957798678;0.5403453705554332;0.013490933664699016;0.0
null;1;758.0;0;2;0.4896134282374761;0.21296321068041255;0.2974233610821114;0.0
null;1;758.0;0;3;0.225199909138125;0.37847581404948544;0.3963242768123896;0.0
null;1;758.0;0;4;0.5481430928862026;0.3939241412188926;0.05793276589490494;0.0
null;1;758.0;0;5;0.4266842527713195;0.14423166632392379;0.4290840809047568;0.0
null;1;758.0;0;6;0.37738650689307807;0.11580709318621903;0.5068063999207029;0.0
null;1;758.0;0;7;0.5224842868796885;0.47013104730465016;0.007384665815661334;0.0
null;1;758.0;0;8;0.12258266753799346;0.0049968017433040714;0.8724205307187025;0.0
null;1;758.0;0;9;0.4355532038332387;0.22242953172697638;0.342017264439785;0.0
null;1;769.0;1;0;0.2766833622466264;0.4298909009469742;0.29342573680639944;0.0
null;1;769.0;1;1;0.34017566723437637;0.44206959238454285;0.2177547403810808;0.0
null;1;769.0;1;2;0.2171087089534953;0.5116126826104888;0.27127860843601587;0.0
null;1;769.0;1;3;0.563200645401742;0.07228639582148834;0.36451295877676976;0.0
null;1;769.0;1;4;0.18272999926112973;0.3209997712244046;0.4962702295144657;0.0
null;1;769.0;1;5;0.5318273053306064;0.2554489405124461;0.21272375415694753;0.0
null;1;769.0;1;6;0.17715298094070495;0.4805286982894557;0.34231832076983937;0.0
null;1;769.0;1;7;0.3692888217506241;0.3700494440706353;0.2606617341787406;0.0
null;1;769.0;1;8;0.5324580909733696;0.33666165120180874;0.13088025782482174;0.0
null;1;769.0;1;9;0.6336263011091811;0.0011820627407453134;0.36519163615007366;0.0
null;1;823.0;1;0;0.2813656713088009;0.34738385566786795;0.3712504730233312;0.0
null;1;823.0;1;1;0.2630975411066622;0.2679703542349396;0.4689321046583982;0.0
null;1;823.0;1;2;0.1609051559003248;0.5243240647464075;0.3147707793532678;0.0
null;1;823.0;1;3;0.2599308047974519;0.6873409602672655;0.05272823493528258;0.0
null;1;823.0;1;4;0.1929515184518831;0.5550725877376054;0.2519758938105115;0.0
null;1;823.0;1;5;0.15838469514250075;0.6895918609038544;0.15202344395364492;0.0
null;1;823.0;1;6;0.43998049887147456;0.2791089551586114;0.28091054596991405;0.0
null;1;823.0;1;7;0.608581996041536;0.32360442868056366;0.06781357527790034;0.0
null;1;823.0;1;8;0.2579891548850477;0.38325019328434434;0.35876065183060796;0.0
null;1;823.0;1;9;0.4902463562587544;0.12290658432181249;0.3868470594194331;0.0
null;1;824.0;0;0;0.13527395631902023;0.6148932024649124;0.24983284121606741;0.0
null;1;824.0;0;1;0.4654774921843656;0.4010607883945489;0.1334617194210854;0.0
null;1;824.0;0;2;0.046694294720114854;0.6979823956291379;0.2553233096507473;0.0
null;1;824.0;0;3;0.023270209180466184;0.8874681423697603;0.0892616484497735;0.0
null;1;824.0;0;4;0.341981753647037;0.23213589395456702;0.425882352398396;0.0
null;1;824.0;0;5;0.1968572353157068;0.2614269197724671;0.541715844911826;0.0
null;1;824.0;0;6;0.42650801933285754;0.13914059786623556;0.43435138280090696;0.0
null;1;824.0;0;7;0.3423060950294589;0.6238778420403492;0.03381606293019181;0.0
null;1;824.0;0;8;0.5376712512481134;0.30214834299095433;0.16018040576093212;0.0
null;1;824.0;0;9;0.21069702390209533;0.5164190761885847;0.27288389990932005;0.0
null;1;877.0;1;0;0.38829980214896276;0.41110709764399955;0.20059310020703772;0.0
null;1;877.0;1;1;0.37703567301387597;0.24791051332350644;0.3750538136626174;0.0
null;1;877.0;1;2;0.7153538962028997;0.1280962624180578;0.15654984137904265;0.0
null;1;877.0;1;3;0.1259292412109067;0.3648279220125616;0.5092428367765318;0.0
null;1;877.0;1;4;0.46652194036948225;0.07610347667913259;0.45737458295138517;0.0
null;1;877.0;1;5;0.3517441569218094;0.5193514265127551;0.1289044165654356;0.0
null;1;877.0;1;6;0.3137865678006651;0.3341766081498622;0.35203682404947273;0.0
null;1;877.0;1;7;0.40685091395128925;0.2147139230027292;0.3784351630459815;0.0
null;1;877.0;1;8;0.5918863436788093;0.17911249708755708;0.22900115923363368;0.0
null;1;877.0;1;9;0.3624493851816349;0.3407974206630166;0.2967531941553485;0.0
null;1;892.0;0;0;0.12527290792433474;0.42442268846900666;0.4503044036066586;0.0
null;1;892.0;0;1;0.3228116097965708;0.24523728436503836;0.4319511058383908;0.0
null;1;892.0;0;2;0.23373900201025377;0.5370993138604786;0.2291616841292676;0.0
null;1;892.0;0;3;0.19467066920287063;0.5756296665218847;0.22969966427524463;0.0
null;1;892.0;0;4;0.396601655956114;0.37665631973154906;0.22674202431233698;0.0
null;1;892.0;0;5;0.09938180916164606;0.4658005355272124;0.4348176553111415;0.0
null;1;892.0;0;6;0.3591990984037855;0.20313199417875263;0.43766890741746184;0.0
null;1;892.0;0;7;0.480440506520166;0.4983088186229955;0.021250674856838552;0.0
null;1;892.0;0;8;0.7500197436405293;0.09884632569951507;0.15113393065995576;0.0
null;1;892.0;0;9;0.12090782791613341;0.4747656838810056;0.404326488202861;0.0
null;1;931.0;1;0;0.15123504701358942;0.4207206369690913;0.42804431601731924;0.0
null;1;931.0;1;1;0.539314087763214;0.4590147802576921;0.0016711319790939224;0.0
null;1;931.0;1;2;0.6124956738717808;0.386341186739181;0.0011631393890381256;0.0
null;1;931.0;1;3;0.08335714601739537;0.2721987818828206;0.644444072099784;0.0
null;1;931.0;1;4;0.363058847674388;0.07155456030206071;0.5653865920235513;0.0
null;1;931.0;1;5;0.44167131713323904;0.24660406459802633;0.3117246182687346;0.0
null;1;931.0;1;6;0.5070580482618865;0.3605583434201784;0.13238360831793505;0.0
null;1;931.0;1;7;0.2544378260139381;0.24897184460143368;0.4965903293846282;0.0
null;1;931.0;1;8;0.9595734830175112;0.016425594853455766;0.02400092212903301;0.0
null;1;931.0;1;9;0.3216739865154109;0.15060755814798785;0.5277184553366012;0.0
null;1;944.0;0;0;0.423586973818086;0.33875536456843114;0.23765766161348287;0.0
null;1;944.0;0;1;0.5824551009081274;0.33221109677984295;0.08533380231202972;0.0
null;1;944.0;0;2;0.4092283623251224;0.06953124213187144;0.5212403955430063;0.0
null;1;944.0;0;3;0.30829590313182825;0.5614258564967396;0.13027824037143218;0.0
null;1;944.0;0;4;0.24148006253268126;0.381886680809377;0.37663325665794173;0.0
null;1;944.0;0;5;0.6909314391403573;0.1709225407254132;0.13814602013422947;0.0
null;1;944.0;0;6;0.18854361658899152;0.573818784583826;0.2376375988271825;0.0
null;1;944.0;0;7;0.5303523983846249;0.02227025542935873;0.4473773461860165;0.0
null;1;944.0;0;8;0.2935278604871626;0.629582655486076;0.07688948402676149;0.0
null;1;944.0;0;9;0.504555727455648;0.13878883663531974;0.35665543590903226;0.0
null;1;985.0;1;0;0.46252276203896286;0.25866698752100475;0.27881025044003244;0.0
null;1;985.0;1;1;0.48594755387285915;0.1905418337639418;0.32351061236319906;0.0
null;1;985.0;1;2;0.06257970476290403;0.5476337349759354;0.38978656026116054;0.0
null;1;985.0;1;3;0.49626395967589343;0.20579681180988982;0.29793922851421684;0.0
null;1;985.0;1;4;0.16252041867381883;0.7234073406469935;0.11407224067918763;0.0
null;1;985.0;1;5;0.27974746285676844;0.06050183590842526;0.6597507012348064;0.0
null;1;985.0;1;6;0.13006647806465393;0.5007805684367233;0.3691529534986228;0.0
null;1;985.0;1;7;0.443405350075617;0.06655538299212792;0.4900392669322552;0.0
null;1;985.0;1;8;0.5318823240427447;0.04108183003337248;0.4270358459238828;0.0
null;1;985.0;1;9;0.47856011843191415;0.12090275287867111;0.40053712868941477;0.0
null;1;996.0;0;0;0.3862819730597171;0.4179790574536323;0.1957389694866506;0.0
null;1;996.0;0;1;0.8033043521638279;0.18885390007205555;0.007841747764116652;0.0
null;1;996.0;0;2;0.39986665974761504;0.16520421206338845;0.4349291281889965;0.0
null;1;996.0;0;3;0.5935004128120019;0.23522861426018996;0.1712709729278081;0.0
null;1;996.0;0;4;0.29940582481348516;0.4206199246580535;0.2799742505284614;0.0
null;1;996.0;0;5;0.10175412952290379;0.6584437767225135;0.23980209375458267;0.0
null;1;996.0;0;6;0.44232709958567135;0.3623911360036956;0.19528176441063302;0.0
null;1;996.0;0;7;0.3947702146949274;0.24095512117011997;0.3642746641349525;0.0
null;1;996.0;0;8;0.4627441166366563;0.15025626826083172;0.3869996151025119;0.0
null;1;996.0;0;9;0.5323613821941722;0.23199808614793688;0.23564053165789095;0.0
