prefix;runID;tick;strategistID;p1;p2;p3;actionExecuted;actualProfit;predictedProfit;level;planningHorizon
null;1;0.0;1;0.59;0.4;0.01;;0.0;0.0;2;50.0;
null;1;0.0;0;0.5;0.15;0.35;;0.0;0.0;2;50.0;
null;1;18.0;1;0.59;0.4;0.01;BT3;0.0;0.0;2;50.0;
null;1;30.0;1;0.15;0.49;0.36;BT2;0.0;0.0;2;50.0;
null;1;44.0;1;0.15;0.49;0.36;BT1;0.0;0.0;2;50.0;
null;1;50.0;1;0.15;0.49;0.36;BT1;0.0;0.0;2;50.0;
null;1;56.0;1;0.15;0.49;0.36;BT3;0.0;0.0;2;50.0;
null;1;62.0;1;0.15;0.49;0.36;BT2;0.0;0.0;2;50.0;
null;1;68.0;1;0.15;0.49;0.36;BT3;0.0;0.0;2;50.0;
null;1;74.0;1;0.15;0.49;0.36;BT2;0.0;0.0;2;50.0;
null;1;80.0;1;0.09;0.83;0.08;BT2;0.0;0.0;2;50.0;
null;1;86.0;1;0.09;0.83;0.08;BT2;0.0;0.0;2;50.0;
null;1;92.0;1;0.09;0.83;0.08;BT2;0.0;0.0;2;50.0;
null;1;98.0;1;0.09;0.83;0.08;BT2;0.0;0.0;2;50.0;
null;1;104.0;1;0.09;0.83;0.08;BT3;0.0;0.0;2;50.0;
null;1;105.0;0;0.5;0.15;0.35;RT2;0.0;0.0;2;50.0;
null;1;110.0;1;0.09;0.83;0.08;BT1;0.0;0.0;2;50.0;
null;1;116.0;1;0.09;0.83;0.08;BT3;0.0;0.0;2;50.0;
null;1;122.0;1;0.09;0.83;0.08;BT2;0.0;0.0;2;50.0;
null;1;128.0;1;0.09;0.83;0.08;BT2;0.0;0.0;2;50.0;
null;1;132.0;0;0.09;0.81;0.1;RT1;0.0;0.0;2;50.0;
null;1;134.0;1;0.1;0.69;0.21;BT2;0.0;0.0;2;50.0;
null;1;140.0;1;0.1;0.69;0.21;BT2;0.0;0.0;2;50.0;
null;1;146.0;1;0.1;0.69;0.21;BT1;0.0;0.0;2;50.0;
null;1;149.0;0;0.09;0.81;0.1;RT1;0.0;0.0;2;50.0;
null;1;152.0;1;0.1;0.69;0.21;BT1;0.0;0.0;2;50.0;
null;1;158.0;1;0.1;0.69;0.21;BT3;0.0;0.0;2;50.0;
null;1;164.0;1;0.1;0.69;0.21;BT2;0.0;0.0;2;50.0;
null;1;170.0;1;0.1;0.69;0.21;BT2;0.0;0.0;2;50.0;
null;1;176.0;1;0.1;0.69;0.21;BT2;0.0;0.0;2;50.0;
null;1;182.0;1;0.1;0.69;0.21;BT2;0.0;0.0;2;50.0;
null;1;188.0;1;0.38;0.36;0.26;BT1;0.0;0.0;2;50.0;
null;1;194.0;1;0.38;0.36;0.26;BT2;0.0;0.0;2;50.0;
null;1;195.0;0;0.09;0.81;0.1;RT3;0.0;0.0;2;50.0;
null;1;200.0;1;0.38;0.36;0.26;BT2;0.0;0.0;2;50.0;
null;1;206.0;1;0.38;0.36;0.26;BT1;0.0;0.0;2;50.0;
null;1;212.0;1;0.38;0.36;0.26;BT2;0.0;0.0;2;50.0;
null;1;218.0;1;0.38;0.36;0.26;BT3;0.0;0.0;2;50.0;
null;1;224.0;1;0.38;0.36;0.26;BT1;0.0;0.0;2;50.0;
null;1;229.0;0;0.85;0.01;0.14;RT3;0.0;0.0;2;50.0;
null;1;230.0;1;0.38;0.36;0.26;BT2;0.0;0.0;2;50.0;
null;1;236.0;1;0.38;0.36;0.26;BT2;0.0;0.0;2;50.0;
null;1;242.0;1;0.21;0.43;0.36;BT2;0.0;0.0;2;50.0;
null;1;248.0;1;0.21;0.43;0.36;BT2;0.0;0.0;2;50.0;
null;1;254.0;1;0.21;0.43;0.36;BT2;0.0;0.0;2;50.0;
null;1;260.0;1;0.21;0.43;0.36;BT2;0.0;0.0;2;50.0;
null;1;264.0;0;0.85;0.01;0.14;RT2;0.0;0.0;2;50.0;
null;1;266.0;1;0.21;0.43;0.36;BT2;0.0;0.0;2;50.0;
null;1;272.0;1;0.21;0.43;0.36;BT2;0.0;0.0;2;50.0;
null;1;278.0;1;0.21;0.43;0.36;BT2;0.0;0.0;2;50.0;
null;1;284.0;1;0.21;0.43;0.36;BT2;0.0;0.0;2;50.0;
null;1;290.0;1;0.21;0.43;0.36;BT1;0.0;0.0;2;50.0;
null;1;296.0;1;0.32;0.5;0.18;BT1;0.0;0.0;2;50.0;
null;1;298.0;0;0.19;0.32;0.49;RT3;0.0;0.0;2;50.0;
null;1;302.0;1;0.32;0.5;0.18;BT2;0.0;0.0;2;50.0;
null;1;308.0;1;0.32;0.5;0.18;BT2;0.0;0.0;2;50.0;
null;1;314.0;1;0.32;0.5;0.18;BT1;0.0;0.0;2;50.0;
null;1;320.0;1;0.32;0.5;0.18;BT2;0.0;0.0;2;50.0;
null;1;326.0;1;0.32;0.5;0.18;BT2;0.0;0.0;2;50.0;
null;1;332.0;1;0.32;0.5;0.18;BT3;0.0;0.0;2;50.0;
null;1;332.0;0;0.19;0.32;0.49;RT3;0.0;0.0;2;50.0;
null;1;338.0;1;0.32;0.5;0.18;BT2;0.0;0.0;2;50.0;
null;1;344.0;1;0.32;0.5;0.18;BT2;0.0;0.0;2;50.0;
null;1;350.0;1;0.44;0.36;0.21;BT2;0.0;0.0;2;50.0;
null;1;356.0;1;0.44;0.36;0.21;BT2;0.0;0.0;2;50.0;
null;1;362.0;1;0.44;0.36;0.21;BT3;0.0;0.0;2;50.0;
null;1;367.0;0;0.44;0.31;0.25;RT2;0.0;0.0;2;50.0;
null;1;368.0;1;0.44;0.36;0.21;BT2;0.0;0.0;2;50.0;
null;1;374.0;1;0.44;0.36;0.21;BT3;0.0;0.0;2;50.0;
null;1;380.0;1;0.44;0.36;0.21;BT2;0.0;0.0;2;50.0;
null;1;384.0;0;0.44;0.31;0.25;RT1;0.0;0.0;2;50.0;
null;1;386.0;1;0.44;0.36;0.21;BT3;0.0;0.0;2;50.0;
null;1;392.0;1;0.44;0.36;0.21;BT1;0.0;0.0;2;50.0;
null;1;398.0;1;0.44;0.36;0.21;BT3;0.0;0.0;2;50.0;
null;1;404.0;1;0.41;0.26;0.33;BT3;0.0;0.0;2;50.0;
null;1;410.0;1;0.41;0.26;0.33;BT1;0.0;0.0;2;50.0;
null;1;416.0;1;0.41;0.26;0.33;BT3;0.0;0.0;2;50.0;
null;1;418.0;0;0.11;0.53;0.36;RT3;0.0;0.0;2;50.0;
null;1;422.0;1;0.41;0.26;0.33;BT3;0.0;0.0;2;50.0;
null;1;428.0;1;0.41;0.26;0.33;BT3;0.0;0.0;2;50.0;
null;1;434.0;1;0.41;0.26;0.33;BT1;0.0;0.0;2;50.0;
null;1;435.0;0;0.11;0.53;0.36;RT1;0.0;0.0;2;50.0;
null;1;440.0;1;0.41;0.26;0.33;BT2;0.0;0.0;2;50.0;
null;1;446.0;1;0.41;0.26;0.33;BT3;0.0;0.0;2;50.0;
null;1;452.0;1;0.41;0.26;0.33;BT1;0.0;0.0;2;50.0;
null;1;458.0;1;0.14;0.47;0.39;BT1;0.0;0.0;2;50.0;
null;1;464.0;1;0.14;0.47;0.39;BT2;0.0;0.0;2;50.0;
null;1;469.0;0;0.26;0.23;0.51;RT3;0.0;0.0;2;50.0;
null;1;470.0;1;0.14;0.47;0.39;BT2;0.0;0.0;2;50.0;
null;1;476.0;1;0.14;0.47;0.39;BT2;0.0;0.0;2;50.0;
null;1;482.0;1;0.14;0.47;0.39;BT1;0.0;0.0;2;50.0;
null;1;488.0;1;0.14;0.47;0.39;BT2;0.0;0.0;2;50.0;
null;1;494.0;1;0.14;0.47;0.39;BT2;0.0;0.0;2;50.0;
null;1;500.0;1;0.14;0.47;0.39;BT2;0.0;0.0;2;50.0;
null;1;503.0;0;0.26;0.23;0.51;RT3;0.0;0.0;2;50.0;
null;1;506.0;1;0.14;0.47;0.39;BT1;0.0;0.0;2;50.0;
null;1;512.0;1;0.76;0.13;0.11;BT3;0.0;0.0;2;50.0;
null;1;518.0;1;0.76;0.13;0.11;BT3;0.0;0.0;2;50.0;
null;1;524.0;1;0.76;0.13;0.11;BT3;0.0;0.0;2;50.0;
null;1;530.0;1;0.76;0.13;0.11;BT3;0.0;0.0;2;50.0;
null;1;536.0;1;0.76;0.13;0.11;BT3;0.0;0.0;2;50.0;
null;1;537.0;0;0.51;0.1;0.39;RT3;0.0;0.0;2;50.0;
null;1;542.0;1;0.76;0.13;0.11;BT2;0.0;0.0;2;50.0;
null;1;548.0;1;0.76;0.13;0.11;BT1;0.0;0.0;2;50.0;
null;1;554.0;1;0.76;0.13;0.11;BT1;0.0;0.0;2;50.0;
null;1;560.0;1;0.76;0.13;0.11;BT3;0.0;0.0;2;50.0;
null;1;566.0;1;0.4;0.3;0.3;BT2;0.0;0.0;2;50.0;
null;1;572.0;1;0.4;0.3;0.3;BT3;0.0;0.0;2;50.0;
null;1;572.0;0;0.51;0.1;0.39;RT2;0.0;0.0;2;50.0;
null;1;578.0;1;0.4;0.3;0.3;BT3;0.0;0.0;2;50.0;
null;1;584.0;1;0.4;0.3;0.3;BT2;0.0;0.0;2;50.0;
null;1;590.0;1;0.4;0.3;0.3;BT2;0.0;0.0;2;50.0;
null;1;596.0;1;0.4;0.3;0.3;BT1;0.0;0.0;2;50.0;
null;1;602.0;1;0.4;0.3;0.3;BT1;0.0;0.0;2;50.0;
null;1;606.0;0;0.35;0.2;0.45;RT3;0.0;0.0;2;50.0;
null;1;608.0;1;0.4;0.3;0.3;BT2;0.0;0.0;2;50.0;
null;1;614.0;1;0.4;0.3;0.3;BT3;0.0;0.0;2;50.0;
null;1;620.0;1;0.29;0.41;0.3;BT2;0.0;0.0;2;50.0;
null;1;626.0;1;0.29;0.41;0.3;BT2;0.0;0.0;2;50.0;
null;1;632.0;1;0.29;0.41;0.3;BT2;0.0;0.0;2;50.0;
null;1;638.0;1;0.29;0.41;0.3;BT3;0.0;0.0;2;50.0;
null;1;640.0;0;0.35;0.2;0.45;RT3;0.0;0.0;2;50.0;
null;1;644.0;1;0.29;0.41;0.3;BT2;0.0;0.0;2;50.0;
null;1;650.0;1;0.29;0.41;0.3;BT1;0.0;0.0;2;50.0;
null;1;656.0;1;0.29;0.41;0.3;BT2;0.0;0.0;2;50.0;
null;1;662.0;1;0.29;0.41;0.3;BT2;0.0;0.0;2;50.0;
null;1;668.0;1;0.29;0.41;0.3;BT3;0.0;0.0;2;50.0;
null;1;674.0;1;0.44;0.51;0.05;BT2;0.0;0.0;2;50.0;
null;1;674.0;0;0.22;0.42;0.36;RT3;0.0;0.0;2;50.0;
null;1;680.0;1;0.44;0.51;0.05;BT2;0.0;0.0;2;50.0;
null;1;686.0;1;0.44;0.51;0.05;BT3;0.0;0.0;2;50.0;
null;1;691.0;0;0.22;0.42;0.36;RT1;0.0;0.0;2;50.0;
null;1;692.0;1;0.44;0.51;0.05;BT2;0.0;0.0;2;50.0;
null;1;698.0;1;0.44;0.51;0.05;BT2;0.0;0.0;2;50.0;
null;1;704.0;1;0.44;0.51;0.05;BT2;0.0;0.0;2;50.0;
null;1;710.0;1;0.44;0.51;0.05;BT3;0.0;0.0;2;50.0;
null;1;716.0;1;0.44;0.51;0.05;BT2;0.0;0.0;2;50.0;
null;1;722.0;1;0.44;0.51;0.05;BT3;0.0;0.0;2;50.0;
null;1;726.0;0;0.32;0.61;0.07;RT2;0.0;0.0;2;50.0;
null;1;728.0;1;0.43;0.1;0.46;BT1;0.0;0.0;2;50.0;
null;1;734.0;1;0.43;0.1;0.46;BT1;0.0;0.0;2;50.0;
null;1;740.0;1;0.43;0.1;0.46;BT1;0.0;0.0;2;50.0;
null;1;746.0;1;0.43;0.1;0.46;BT3;0.0;0.0;2;50.0;
null;1;752.0;1;0.43;0.1;0.46;BT3;0.0;0.0;2;50.0;
null;1;758.0;1;0.43;0.1;0.46;BT3;0.0;0.0;2;50.0;
null;1;761.0;0;0.32;0.61;0.07;RT2;0.0;0.0;2;50.0;
null;1;764.0;1;0.43;0.1;0.46;BT3;0.0;0.0;2;50.0;
null;1;770.0;1;0.43;0.1;0.46;BT3;0.0;0.0;2;50.0;
null;1;776.0;1;0.43;0.1;0.46;BT1;0.0;0.0;2;50.0;
null;1;782.0;1;0.54;0.15;0.31;BT1;0.0;0.0;2;50.0;
null;1;788.0;1;0.54;0.15;0.31;BT3;0.0;0.0;2;50.0;
null;1;794.0;1;0.54;0.15;0.31;BT3;0.0;0.0;2;50.0;
null;1;796.0;0;0.59;0.36;0.05;RT2;0.0;0.0;2;50.0;
null;1;800.0;1;0.54;0.15;0.31;BT3;0.0;0.0;2;50.0;
null;1;806.0;1;0.54;0.15;0.31;BT3;0.0;0.0;2;50.0;
null;1;812.0;1;0.54;0.15;0.31;BT1;0.0;0.0;2;50.0;
null;1;818.0;1;0.54;0.15;0.31;BT3;0.0;0.0;2;50.0;
null;1;824.0;1;0.54;0.15;0.31;BT1;0.0;0.0;2;50.0;
null;1;830.0;0;0.59;0.36;0.05;RT3;0.0;0.0;2;50.0;
null;1;830.0;1;0.54;0.15;0.31;BT1;0.0;0.0;2;50.0;
null;1;836.0;1;0.15;0.2;0.65;BT2;0.0;0.0;2;50.0;
null;1;842.0;1;0.15;0.2;0.65;BT2;0.0;0.0;2;50.0;
null;1;848.0;1;0.15;0.2;0.65;BT1;0.0;0.0;2;50.0;
null;1;854.0;1;0.15;0.2;0.65;BT1;0.0;0.0;2;50.0;
null;1;860.0;1;0.15;0.2;0.65;BT1;0.0;0.0;2;50.0;
null;1;865.0;0;0.2;0.39;0.41;RT2;0.0;0.0;2;50.0;
null;1;866.0;1;0.15;0.2;0.65;BT1;0.0;0.0;2;50.0;
null;1;872.0;1;0.15;0.2;0.65;BT1;0.0;0.0;2;50.0;
null;1;878.0;1;0.15;0.2;0.65;BT1;0.0;0.0;2;50.0;
null;1;882.0;0;0.2;0.39;0.41;RT1;0.0;0.0;2;50.0;
null;1;884.0;1;0.15;0.2;0.65;BT1;0.0;0.0;2;50.0;
null;1;890.0;1;0.07;0.4;0.53;BT1;0.0;0.0;2;50.0;
null;1;896.0;1;0.07;0.4;0.53;BT1;0.0;0.0;2;50.0;
null;1;902.0;1;0.07;0.4;0.53;BT1;0.0;0.0;2;50.0;
null;1;908.0;1;0.07;0.4;0.53;BT1;0.0;0.0;2;50.0;
null;1;914.0;1;0.07;0.4;0.53;BT2;0.0;0.0;2;50.0;
null;1;916.0;0;0.29;0.32;0.39;RT3;0.0;0.0;2;50.0;
null;1;920.0;1;0.07;0.4;0.53;BT1;0.0;0.0;2;50.0;
null;1;926.0;1;0.07;0.4;0.53;BT1;0.0;0.0;2;50.0;
null;1;932.0;1;0.07;0.4;0.53;BT2;0.0;0.0;2;50.0;
null;1;938.0;1;0.07;0.4;0.53;BT2;0.0;0.0;2;50.0;
null;1;944.0;1;0.14;0.2;0.66;BT2;0.0;0.0;2;50.0;
null;1;950.0;0;0.29;0.32;0.39;RT3;0.0;0.0;2;50.0;
null;1;950.0;1;0.14;0.2;0.66;BT2;0.0;0.0;2;50.0;
null;1;956.0;1;0.14;0.2;0.66;BT1;0.0;0.0;2;50.0;
null;1;962.0;1;0.14;0.2;0.66;BT1;0.0;0.0;2;50.0;
null;1;967.0;0;0.25;0.31;0.44;RT1;0.0;0.0;2;50.0;
null;1;968.0;1;0.14;0.2;0.66;BT1;0.0;0.0;2;50.0;
null;1;974.0;1;0.14;0.2;0.66;BT1;0.0;0.0;2;50.0;
null;1;980.0;1;0.14;0.2;0.66;BT1;0.0;0.0;2;50.0;
null;1;984.0;0;0.25;0.31;0.44;RT1;0.0;0.0;2;50.0;
null;1;986.0;1;0.14;0.2;0.66;BT1;0.0;0.0;2;50.0;
null;1;992.0;1;0.14;0.2;0.66;BT2;0.0;0.0;2;50.0;
null;1;998.0;1;0.07;0.4;0.53;BT1;0.0;0.0;2;50.0;
prefix;runID;tick;strategistID;p1;p2;p3;actionExecuted;actualProfit;predictedProfit;level;planningHorizon
null;1;4.0;1;0.07;0.4;0.53;BT1;0.0;0.0;2;50.0;
null;1;10.0;1;0.07;0.4;0.53;BT2;0.0;0.0;2;50.0;
null;1;16.0;1;0.07;0.4;0.53;BT2;0.0;0.0;2;50.0;
null;1;19.0;0;0.25;0.31;0.44;RT2;0.0;0.0;2;50.0;
null;1;22.0;1;0.07;0.4;0.53;BT2;0.0;0.0;2;50.0;
null;1;28.0;1;0.07;0.4;0.53;BT1;0.0;0.0;2;50.0;
null;1;34.0;1;0.07;0.4;0.53;BT2;0.0;0.0;2;50.0;
null;1;36.0;0;0.25;0.31;0.44;RT1;0.0;0.0;2;50.0;
null;1;40.0;1;0.07;0.4;0.53;BT1;0.0;0.0;2;50.0;
null;1;46.0;1;0.07;0.4;0.53;BT1;0.0;0.0;2;50.0;
null;1;52.0;1;0.07;0.4;0.53;BT1;0.0;0.0;2;50.0;
null;1;58.0;1;0.07;0.4;0.53;BT2;0.0;0.0;2;50.0;
null;1;64.0;1;0.07;0.4;0.53;BT2;0.0;0.0;2;50.0;
null;1;70.0;1;0.07;0.4;0.53;BT2;0.0;0.0;2;50.0;
null;1;71.0;0;0.25;0.31;0.44;RT2;0.0;0.0;2;50.0;
null;1;76.0;1;0.07;0.4;0.53;BT3;0.0;0.0;2;50.0;
null;1;82.0;1;0.07;0.4;0.53;BT2;0.0;0.0;2;50.0;
null;1;88.0;1;0.07;0.4;0.53;BT2;0.0;0.0;2;50.0;
null;1;88.0;0;0.25;0.31;0.44;RT1;0.0;0.0;2;50.0;
null;1;94.0;1;0.07;0.4;0.53;BT2;0.0;0.0;2;50.0;
null;1;100.0;1;0.07;0.4;0.53;BT1;0.0;0.0;2;50.0;
null;1;106.0;1;0.07;0.4;0.53;BT2;0.0;0.0;2;50.0;
null;1;112.0;1;0.07;0.4;0.53;BT2;0.0;0.0;2;50.0;
null;1;118.0;1;0.07;0.4;0.53;BT3;0.0;0.0;2;50.0;
null;1;122.0;0;0.25;0.31;0.44;RT3;0.0;0.0;2;50.0;
null;1;124.0;1;0.07;0.4;0.53;BT2;0.0;0.0;2;50.0;
null;1;130.0;1;0.07;0.4;0.53;BT2;0.0;0.0;2;50.0;
null;1;136.0;1;0.07;0.4;0.53;BT1;0.0;0.0;2;50.0;
null;1;142.0;1;0.07;0.4;0.53;BT1;0.0;0.0;2;50.0;
null;1;148.0;1;0.07;0.4;0.53;BT2;0.0;0.0;2;50.0;
null;1;154.0;1;0.07;0.4;0.53;BT2;0.0;0.0;2;50.0;
null;1;156.0;0;0.25;0.31;0.44;RT3;0.0;0.0;2;50.0;
null;1;160.0;1;0.07;0.4;0.53;BT1;0.0;0.0;2;50.0;
null;1;166.0;1;0.07;0.4;0.53;BT2;0.0;0.0;2;50.0;
null;1;172.0;1;0.07;0.4;0.53;BT2;0.0;0.0;2;50.0;
null;1;173.0;0;0.25;0.31;0.44;RT1;0.0;0.0;2;50.0;
null;1;178.0;1;0.07;0.4;0.53;BT1;0.0;0.0;2;50.0;
null;1;184.0;1;0.07;0.4;0.53;BT1;0.0;0.0;2;50.0;
null;1;190.0;1;0.07;0.4;0.53;BT2;0.0;0.0;2;50.0;
null;1;196.0;1;0.07;0.4;0.53;BT1;0.0;0.0;2;50.0;
null;1;202.0;1;0.07;0.4;0.53;BT1;0.0;0.0;2;50.0;
null;1;207.0;0;0.25;0.31;0.44;RT3;0.0;0.0;2;50.0;
null;1;208.0;1;0.07;0.4;0.53;BT1;0.0;0.0;2;50.0;
null;1;214.0;1;0.07;0.4;0.53;BT1;0.0;0.0;2;50.0;
null;1;220.0;1;0.07;0.4;0.53;BT2;0.0;0.0;2;50.0;
null;1;226.0;1;0.07;0.4;0.53;BT1;0.0;0.0;2;50.0;
null;1;232.0;1;0.07;0.4;0.53;BT1;0.0;0.0;2;50.0;
null;1;238.0;1;0.07;0.4;0.53;BT1;0.0;0.0;2;50.0;
null;1;241.0;0;0.25;0.31;0.44;RT3;0.0;0.0;2;50.0;
null;1;244.0;1;0.07;0.4;0.53;BT2;0.0;0.0;2;50.0;
null;1;250.0;1;0.07;0.4;0.53;BT2;0.0;0.0;2;50.0;
null;1;256.0;1;0.07;0.4;0.53;BT1;0.0;0.0;2;50.0;
null;1;262.0;1;0.07;0.4;0.53;BT1;0.0;0.0;2;50.0;
null;1;268.0;1;0.07;0.4;0.53;BT1;0.0;0.0;2;50.0;
null;1;274.0;1;0.07;0.4;0.53;BT3;0.0;0.0;2;50.0;
null;1;276.0;0;0.25;0.31;0.44;RT2;0.0;0.0;2;50.0;
null;1;280.0;1;0.07;0.4;0.53;BT1;0.0;0.0;2;50.0;
null;1;286.0;1;0.07;0.4;0.53;BT2;0.0;0.0;2;50.0;
null;1;292.0;1;0.07;0.4;0.53;BT1;0.0;0.0;2;50.0;
null;1;298.0;1;0.07;0.4;0.53;BT3;0.0;0.0;2;50.0;
null;1;304.0;1;0.07;0.4;0.53;BT1;0.0;0.0;2;50.0;
null;1;310.0;0;0.25;0.31;0.44;RT3;0.0;0.0;2;50.0;
null;1;310.0;1;0.07;0.4;0.53;BT2;0.0;0.0;2;50.0;
null;1;316.0;1;0.07;0.4;0.53;BT1;0.0;0.0;2;50.0;
null;1;322.0;1;0.07;0.4;0.53;BT2;0.0;0.0;2;50.0;
null;1;328.0;1;0.07;0.4;0.53;BT1;0.0;0.0;2;50.0;
null;1;334.0;1;0.07;0.4;0.53;BT1;0.0;0.0;2;50.0;
null;1;340.0;1;0.07;0.4;0.53;BT3;0.0;0.0;2;50.0;
null;1;344.0;0;0.25;0.31;0.44;RT3;0.0;0.0;2;50.0;
null;1;346.0;1;0.07;0.4;0.53;BT1;0.0;0.0;2;50.0;
null;1;352.0;1;0.07;0.4;0.53;BT1;0.0;0.0;2;50.0;
null;1;358.0;1;0.07;0.4;0.53;BT2;0.0;0.0;2;50.0;
null;1;364.0;1;0.07;0.4;0.53;BT2;0.0;0.0;2;50.0;
null;1;370.0;1;0.07;0.4;0.53;BT2;0.0;0.0;2;50.0;
null;1;376.0;1;0.07;0.4;0.53;BT1;0.0;0.0;2;50.0;
null;1;379.0;0;0.25;0.31;0.44;RT2;0.0;0.0;2;50.0;
null;1;382.0;1;0.07;0.4;0.53;BT2;0.0;0.0;2;50.0;
null;1;388.0;1;0.07;0.4;0.53;BT2;0.0;0.0;2;50.0;
null;1;394.0;1;0.07;0.4;0.53;BT1;0.0;0.0;2;50.0;
null;1;400.0;1;0.07;0.4;0.53;BT2;0.0;0.0;2;50.0;
null;1;406.0;1;0.07;0.4;0.53;BT3;0.0;0.0;2;50.0;
null;1;412.0;1;0.07;0.4;0.53;BT2;0.0;0.0;2;50.0;
null;1;413.0;0;0.25;0.31;0.44;RT3;0.0;0.0;2;50.0;
null;1;418.0;1;0.07;0.4;0.53;BT2;0.0;0.0;2;50.0;
null;1;424.0;1;0.07;0.4;0.53;BT1;0.0;0.0;2;50.0;
null;1;430.0;1;0.07;0.4;0.53;BT1;0.0;0.0;2;50.0;
null;1;436.0;1;0.07;0.4;0.53;BT3;0.0;0.0;2;50.0;
null;1;442.0;1;0.07;0.4;0.53;BT2;0.0;0.0;2;50.0;
null;1;447.0;0;0.25;0.31;0.44;RT3;0.0;0.0;2;50.0;
null;1;448.0;1;0.07;0.4;0.53;BT1;0.0;0.0;2;50.0;
null;1;454.0;1;0.07;0.4;0.53;BT2;0.0;0.0;2;50.0;
null;1;460.0;1;0.07;0.4;0.53;BT3;0.0;0.0;2;50.0;
null;1;466.0;1;0.07;0.4;0.53;BT2;0.0;0.0;2;50.0;
null;1;472.0;1;0.07;0.4;0.53;BT1;0.0;0.0;2;50.0;
null;1;478.0;1;0.07;0.4;0.53;BT1;0.0;0.0;2;50.0;
null;1;481.0;0;0.25;0.31;0.44;RT3;0.0;0.0;2;50.0;
null;1;484.0;1;0.07;0.4;0.53;BT1;0.0;0.0;2;50.0;
null;1;490.0;1;0.07;0.4;0.53;BT1;0.0;0.0;2;50.0;
null;1;496.0;1;0.07;0.4;0.53;BT1;0.0;0.0;2;50.0;
null;1;502.0;1;0.07;0.4;0.53;BT1;0.0;0.0;2;50.0;
null;1;508.0;1;0.07;0.4;0.53;BT2;0.0;0.0;2;50.0;
null;1;514.0;1;0.07;0.4;0.53;BT3;0.0;0.0;2;50.0;
null;1;515.0;0;0.25;0.31;0.44;RT3;0.0;0.0;2;50.0;
null;1;520.0;1;0.07;0.4;0.53;BT1;0.0;0.0;2;50.0;
null;1;526.0;1;0.07;0.4;0.53;BT2;0.0;0.0;2;50.0;
null;1;532.0;1;0.07;0.4;0.53;BT1;0.0;0.0;2;50.0;
null;1;538.0;1;0.07;0.4;0.53;BT2;0.0;0.0;2;50.0;
null;1;544.0;1;0.07;0.4;0.53;BT2;0.0;0.0;2;50.0;
null;1;550.0;0;0.25;0.31;0.44;RT2;0.0;0.0;2;50.0;
null;1;550.0;1;0.07;0.4;0.53;BT2;0.0;0.0;2;50.0;
null;1;556.0;1;0.07;0.4;0.53;BT1;0.0;0.0;2;50.0;
null;1;562.0;1;0.07;0.4;0.53;BT2;0.0;0.0;2;50.0;
null;1;568.0;1;0.07;0.4;0.53;BT2;0.0;0.0;2;50.0;
null;1;574.0;1;0.07;0.4;0.53;BT1;0.0;0.0;2;50.0;
null;1;580.0;1;0.07;0.4;0.53;BT2;0.0;0.0;2;50.0;
null;1;585.0;0;0.25;0.31;0.44;RT2;0.0;0.0;2;50.0;
null;1;586.0;1;0.07;0.4;0.53;BT1;0.0;0.0;2;50.0;
null;1;592.0;1;0.07;0.4;0.53;BT2;0.0;0.0;2;50.0;
null;1;598.0;1;0.07;0.4;0.53;BT1;0.0;0.0;2;50.0;
null;1;604.0;1;0.07;0.4;0.53;BT1;0.0;0.0;2;50.0;
null;1;610.0;1;0.07;0.4;0.53;BT2;0.0;0.0;2;50.0;
null;1;616.0;1;0.07;0.4;0.53;BT1;0.0;0.0;2;50.0;
null;1;619.0;0;0.25;0.31;0.44;RT3;0.0;0.0;2;50.0;
null;1;622.0;1;0.07;0.4;0.53;BT1;0.0;0.0;2;50.0;
null;1;628.0;1;0.07;0.4;0.53;BT1;0.0;0.0;2;50.0;
null;1;634.0;1;0.07;0.4;0.53;BT1;0.0;0.0;2;50.0;
null;1;640.0;1;0.07;0.4;0.53;BT3;0.0;0.0;2;50.0;
null;1;646.0;1;0.07;0.4;0.53;BT1;0.0;0.0;2;50.0;
null;1;652.0;1;0.07;0.4;0.53;BT1;0.0;0.0;2;50.0;
null;1;654.0;0;0.25;0.31;0.44;RT2;0.0;0.0;2;50.0;
null;1;658.0;1;0.07;0.4;0.53;BT2;0.0;0.0;2;50.0;
null;1;664.0;1;0.07;0.4;0.53;BT2;0.0;0.0;2;50.0;
null;1;670.0;1;0.07;0.4;0.53;BT3;0.0;0.0;2;50.0;
null;1;676.0;1;0.07;0.4;0.53;BT1;0.0;0.0;2;50.0;
null;1;682.0;1;0.07;0.4;0.53;BT1;0.0;0.0;2;50.0;
null;1;688.0;1;0.07;0.4;0.53;BT2;0.0;0.0;2;50.0;
null;1;688.0;0;0.25;0.31;0.44;RT3;0.0;0.0;2;50.0;
null;1;694.0;1;0.07;0.4;0.53;BT1;0.0;0.0;2;50.0;
null;1;700.0;1;0.07;0.4;0.53;BT1;0.0;0.0;2;50.0;
null;1;705.0;0;0.25;0.31;0.44;RT1;0.0;0.0;2;50.0;
null;1;706.0;1;0.07;0.4;0.53;BT1;0.0;0.0;2;50.0;
null;1;712.0;1;0.07;0.4;0.53;BT1;0.0;0.0;2;50.0;
null;1;718.0;1;0.07;0.4;0.53;BT1;0.0;0.0;2;50.0;
null;1;724.0;1;0.07;0.4;0.53;BT1;0.0;0.0;2;50.0;
null;1;730.0;1;0.07;0.4;0.53;BT1;0.0;0.0;2;50.0;
null;1;736.0;1;0.07;0.4;0.53;BT1;0.0;0.0;2;50.0;
null;1;740.0;0;0.25;0.31;0.44;RT2;0.0;0.0;2;50.0;
null;1;742.0;1;0.07;0.4;0.53;BT1;0.0;0.0;2;50.0;
null;1;748.0;1;0.07;0.4;0.53;BT1;0.0;0.0;2;50.0;
null;1;754.0;1;0.07;0.4;0.53;BT1;0.0;0.0;2;50.0;
null;1;757.0;0;0.25;0.31;0.44;RT1;0.0;0.0;2;50.0;
null;1;760.0;1;0.07;0.4;0.53;BT1;0.0;0.0;2;50.0;
null;1;766.0;1;0.07;0.4;0.53;BT1;0.0;0.0;2;50.0;
null;1;772.0;1;0.07;0.4;0.53;BT1;0.0;0.0;2;50.0;
null;1;778.0;1;0.07;0.4;0.53;BT2;0.0;0.0;2;50.0;
null;1;784.0;1;0.07;0.4;0.53;BT3;0.0;0.0;2;50.0;
null;1;790.0;1;0.07;0.4;0.53;BT2;0.0;0.0;2;50.0;
null;1;792.0;0;0.25;0.31;0.44;RT2;0.0;0.0;2;50.0;
null;1;796.0;1;0.07;0.4;0.53;BT1;0.0;0.0;2;50.0;
null;1;802.0;1;0.07;0.4;0.53;BT2;0.0;0.0;2;50.0;
null;1;808.0;1;0.07;0.4;0.53;BT1;0.0;0.0;2;50.0;
null;1;814.0;1;0.07;0.4;0.53;BT1;0.0;0.0;2;50.0;
null;1;820.0;1;0.07;0.4;0.53;BT2;0.0;0.0;2;50.0;
null;1;826.0;0;0.25;0.31;0.44;RT3;0.0;0.0;2;50.0;
null;1;826.0;1;0.07;0.4;0.53;BT2;0.0;0.0;2;50.0;
null;1;832.0;1;0.07;0.4;0.53;BT2;0.0;0.0;2;50.0;
null;1;838.0;1;0.07;0.4;0.53;BT1;0.0;0.0;2;50.0;
null;1;844.0;1;0.07;0.4;0.53;BT2;0.0;0.0;2;50.0;
null;1;850.0;1;0.07;0.4;0.53;BT2;0.0;0.0;2;50.0;
null;1;856.0;1;0.07;0.4;0.53;BT1;0.0;0.0;2;50.0;
null;1;861.0;0;0.25;0.31;0.44;RT2;0.0;0.0;2;50.0;
null;1;862.0;1;0.07;0.4;0.53;BT2;0.0;0.0;2;50.0;
null;1;868.0;1;0.07;0.4;0.53;BT1;0.0;0.0;2;50.0;
null;1;874.0;1;0.07;0.4;0.53;BT2;0.0;0.0;2;50.0;
null;1;878.0;0;0.25;0.31;0.44;RT1;0.0;0.0;2;50.0;
null;1;880.0;1;0.07;0.4;0.53;BT2;0.0;0.0;2;50.0;
null;1;886.0;1;0.07;0.4;0.53;BT1;0.0;0.0;2;50.0;
null;1;892.0;1;0.07;0.4;0.53;BT2;0.0;0.0;2;50.0;
null;1;898.0;1;0.07;0.4;0.53;BT1;0.0;0.0;2;50.0;
null;1;904.0;1;0.07;0.4;0.53;BT1;0.0;0.0;2;50.0;
null;1;910.0;1;0.07;0.4;0.53;BT1;0.0;0.0;2;50.0;
null;1;912.0;0;0.25;0.31;0.44;RT3;0.0;0.0;2;50.0;
null;1;916.0;1;0.07;0.4;0.53;BT2;0.0;0.0;2;50.0;
null;1;922.0;1;0.07;0.4;0.53;BT1;0.0;0.0;2;50.0;
null;1;928.0;1;0.07;0.4;0.53;BT3;0.0;0.0;2;50.0;
null;1;929.0;0;0.25;0.31;0.44;RT1;0.0;0.0;2;50.0;
null;1;934.0;1;0.07;0.4;0.53;BT1;0.0;0.0;2;50.0;
null;1;940.0;1;0.07;0.4;0.53;BT1;0.0;0.0;2;50.0;
null;1;946.0;1;0.07;0.4;0.53;BT1;0.0;0.0;2;50.0;
null;1;952.0;1;0.07;0.4;0.53;BT2;0.0;0.0;2;50.0;
null;1;958.0;1;0.07;0.4;0.53;BT1;0.0;0.0;2;50.0;
null;1;963.0;0;0.25;0.31;0.44;RT3;0.0;0.0;2;50.0;
null;1;964.0;1;0.07;0.4;0.53;BT2;0.0;0.0;2;50.0;
null;1;970.0;1;0.07;0.4;0.53;BT2;0.0;0.0;2;50.0;
null;1;976.0;1;0.07;0.4;0.53;BT2;0.0;0.0;2;50.0;
null;1;982.0;1;0.07;0.4;0.53;BT2;0.0;0.0;2;50.0;
null;1;988.0;1;0.07;0.4;0.53;BT2;0.0;0.0;2;50.0;
null;1;994.0;1;0.07;0.4;0.53;BT1;0.0;0.0;2;50.0;
null;1;997.0;0;0.25;0.31;0.44;RT3;0.0;0.0;2;50.0;
null;1;1000.0;1;0.07;0.4;0.53;BT2;0.0;0.0;2;50.0;
prefix;runID;tick;strategistID;p1;p2;p3;actionExecuted;actualProfit;predictedProfit;level;planningHorizon
null;1;0.0;0;0.54;0.13;0.33;;0.0;0.0;2;50.0;
null;1;0.0;1;0.04;0.76;0.2;;0.0;0.0;2;50.0;
null;1;14.0;1;0.04;0.76;0.2;BT2;0.0;0.0;2;50.0;
null;1;29.0;1;0.1;0.51;0.39;BT3;0.0;0.0;2;50.0;
null;1;41.0;1;0.1;0.51;0.39;BT1;0.0;0.0;2;50.0;
null;1;47.0;1;0.1;0.51;0.39;BT1;0.0;0.0;2;50.0;
null;1;53.0;1;0.1;0.51;0.39;BT2;0.0;0.0;2;50.0;
null;1;59.0;1;0.1;0.51;0.39;BT3;0.0;0.0;2;50.0;
null;1;65.0;1;0.1;0.51;0.39;BT1;0.0;0.0;2;50.0;
null;1;71.0;1;0.22;0.67;0.11;BT2;0.0;0.0;2;50.0;
null;1;77.0;1;0.22;0.67;0.11;BT2;0.0;0.0;2;50.0;
null;1;83.0;1;0.22;0.67;0.11;BT1;0.0;0.0;2;50.0;
null;1;89.0;1;0.22;0.67;0.11;BT2;0.0;0.0;2;50.0;
null;1;95.0;1;0.22;0.67;0.11;BT2;0.0;0.0;2;50.0;
null;1;101.0;1;0.22;0.67;0.11;BT2;0.0;0.0;2;50.0;
null;1;103.0;0;0.54;0.13;0.33;RT2;0.0;0.0;2;50.0;
null;1;107.0;1;0.22;0.67;0.11;BT2;0.0;0.0;2;50.0;
null;1;113.0;1;0.22;0.67;0.11;BT2;0.0;0.0;2;50.0;
null;1;119.0;1;0.22;0.67;0.11;BT3;0.0;0.0;2;50.0;
null;1;125.0;1;0.08;0.68;0.25;BT2;0.0;0.0;2;50.0;
null;1;131.0;1;0.08;0.68;0.25;BT1;0.0;0.0;2;50.0;
null;1;137.0;1;0.08;0.68;0.25;BT2;0.0;0.0;2;50.0;
null;1;137.0;0;0.37;0.33;0.31;RT2;0.0;0.0;2;50.0;
null;1;143.0;1;0.08;0.68;0.25;BT2;0.0;0.0;2;50.0;
null;1;149.0;1;0.08;0.68;0.25;BT2;0.0;0.0;2;50.0;
null;1;155.0;1;0.08;0.68;0.25;BT2;0.0;0.0;2;50.0;
null;1;161.0;1;0.08;0.68;0.25;BT1;0.0;0.0;2;50.0;
null;1;167.0;1;0.08;0.68;0.25;BT1;0.0;0.0;2;50.0;
null;1;171.0;0;0.37;0.33;0.31;RT2;0.0;0.0;2;50.0;
null;1;173.0;1;0.08;0.68;0.25;BT2;0.0;0.0;2;50.0;
null;1;179.0;1;0.35;0.31;0.34;BT2;0.0;0.0;2;50.0;
null;1;185.0;1;0.35;0.31;0.34;BT3;0.0;0.0;2;50.0;
null;1;191.0;1;0.35;0.31;0.34;BT3;0.0;0.0;2;50.0;
null;1;197.0;1;0.35;0.31;0.34;BT1;0.0;0.0;2;50.0;
null;1;200.0;0;0.33;0.67;0.0;RT1;0.0;0.0;2;50.0;
null;1;203.0;1;0.35;0.31;0.34;BT1;0.0;0.0;2;50.0;
null;1;209.0;1;0.35;0.31;0.34;BT1;0.0;0.0;2;50.0;
null;1;215.0;1;0.35;0.31;0.34;BT1;0.0;0.0;2;50.0;
null;1;221.0;1;0.35;0.31;0.34;BT1;0.0;0.0;2;50.0;
null;1;227.0;1;0.35;0.31;0.34;BT1;0.0;0.0;2;50.0;
null;1;233.0;1;0.3;0.44;0.27;BT3;0.0;0.0;2;50.0;
null;1;234.0;0;0.33;0.67;0.0;RT2;0.0;0.0;2;50.0;
null;1;239.0;1;0.3;0.44;0.27;BT2;0.0;0.0;2;50.0;
null;1;245.0;1;0.3;0.44;0.27;BT2;0.0;0.0;2;50.0;
null;1;251.0;1;0.3;0.44;0.27;BT1;0.0;0.0;2;50.0;
null;1;257.0;1;0.3;0.44;0.27;BT1;0.0;0.0;2;50.0;
null;1;263.0;1;0.3;0.44;0.27;BT3;0.0;0.0;2;50.0;
null;1;268.0;0;0.42;0.44;0.15;RT2;0.0;0.0;2;50.0;
null;1;269.0;1;0.3;0.44;0.27;BT2;0.0;0.0;2;50.0;
null;1;275.0;1;0.3;0.44;0.27;BT1;0.0;0.0;2;50.0;
null;1;281.0;1;0.3;0.44;0.27;BT3;0.0;0.0;2;50.0;
null;1;284.0;0;0.42;0.44;0.15;RT1;0.0;0.0;2;50.0;
null;1;287.0;1;0.2;0.12;0.68;BT1;0.0;0.0;2;50.0;
null;1;293.0;1;0.2;0.12;0.68;BT1;0.0;0.0;2;50.0;
null;1;299.0;1;0.2;0.12;0.68;BT1;0.0;0.0;2;50.0;
null;1;305.0;1;0.2;0.12;0.68;BT3;0.0;0.0;2;50.0;
null;1;311.0;1;0.2;0.12;0.68;BT3;0.0;0.0;2;50.0;
null;1;317.0;1;0.2;0.12;0.68;BT1;0.0;0.0;2;50.0;
null;1;323.0;1;0.2;0.12;0.68;BT3;0.0;0.0;2;50.0;
null;1;323.0;0;0.42;0.44;0.15;RT3;0.0;0.0;2;50.0;
null;1;329.0;1;0.2;0.12;0.68;BT3;0.0;0.0;2;50.0;
null;1;335.0;1;0.2;0.12;0.68;BT1;0.0;0.0;2;50.0;
null;1;341.0;1;0.48;0.0;0.52;BT1;0.0;0.0;2;50.0;
null;1;347.0;1;0.48;0.0;0.52;BT3;0.0;0.0;2;50.0;
null;1;353.0;1;0.48;0.0;0.52;BT1;0.0;0.0;2;50.0;
null;1;356.0;0;0.58;0.11;0.31;RT3;0.0;0.0;2;50.0;
null;1;359.0;1;0.48;0.0;0.52;BT1;0.0;0.0;2;50.0;
null;1;365.0;1;0.48;0.0;0.52;BT3;0.0;0.0;2;50.0;
null;1;371.0;1;0.48;0.0;0.52;BT3;0.0;0.0;2;50.0;
null;1;377.0;1;0.48;0.0;0.52;BT1;0.0;0.0;2;50.0;
null;1;383.0;1;0.48;0.0;0.52;BT1;0.0;0.0;2;50.0;
null;1;389.0;1;0.48;0.0;0.52;BT1;0.0;0.0;2;50.0;
null;1;390.0;0;0.58;0.11;0.31;RT2;0.0;0.0;2;50.0;
null;1;395.0;1;0.38;0.2;0.43;BT3;0.0;0.0;2;50.0;
null;1;401.0;1;0.38;0.2;0.43;BT1;0.0;0.0;2;50.0;
null;1;406.0;0;0.36;0.34;0.3;RT1;0.0;0.0;2;50.0;
null;1;407.0;1;0.38;0.2;0.43;BT2;0.0;0.0;2;50.0;
null;1;413.0;1;0.38;0.2;0.43;BT1;0.0;0.0;2;50.0;
null;1;419.0;1;0.38;0.2;0.43;BT3;0.0;0.0;2;50.0;
null;1;425.0;1;0.38;0.2;0.43;BT2;0.0;0.0;2;50.0;
null;1;431.0;1;0.38;0.2;0.43;BT1;0.0;0.0;2;50.0;
null;1;437.0;1;0.38;0.2;0.43;BT1;0.0;0.0;2;50.0;
null;1;440.0;0;0.36;0.34;0.3;RT2;0.0;0.0;2;50.0;
null;1;443.0;1;0.38;0.2;0.43;BT3;0.0;0.0;2;50.0;
null;1;449.0;1;0.36;0.42;0.23;BT2;0.0;0.0;2;50.0;
null;1;455.0;1;0.36;0.42;0.23;BT2;0.0;0.0;2;50.0;
null;1;456.0;0;0.36;0.34;0.3;RT1;0.0;0.0;2;50.0;
null;1;461.0;1;0.36;0.42;0.23;BT3;0.0;0.0;2;50.0;
null;1;467.0;1;0.36;0.42;0.23;BT3;0.0;0.0;2;50.0;
null;1;473.0;1;0.36;0.42;0.23;BT2;0.0;0.0;2;50.0;
null;1;479.0;1;0.36;0.42;0.23;BT1;0.0;0.0;2;50.0;
null;1;485.0;1;0.36;0.42;0.23;BT2;0.0;0.0;2;50.0;
null;1;489.0;0;0.2;0.06;0.74;RT3;0.0;0.0;2;50.0;
null;1;491.0;1;0.36;0.42;0.23;BT2;0.0;0.0;2;50.0;
null;1;497.0;1;0.36;0.42;0.23;BT2;0.0;0.0;2;50.0;
null;1;503.0;1;0.09;0.27;0.64;BT1;0.0;0.0;2;50.0;
null;1;509.0;1;0.09;0.27;0.64;BT2;0.0;0.0;2;50.0;
null;1;515.0;1;0.09;0.27;0.64;BT1;0.0;0.0;2;50.0;
null;1;521.0;1;0.09;0.27;0.64;BT3;0.0;0.0;2;50.0;
null;1;522.0;0;0.2;0.06;0.74;RT3;0.0;0.0;2;50.0;
null;1;527.0;1;0.09;0.27;0.64;BT2;0.0;0.0;2;50.0;
null;1;533.0;1;0.09;0.27;0.64;BT2;0.0;0.0;2;50.0;
null;1;539.0;1;0.09;0.27;0.64;BT1;0.0;0.0;2;50.0;
null;1;545.0;1;0.09;0.27;0.64;BT2;0.0;0.0;2;50.0;
null;1;551.0;1;0.09;0.27;0.64;BT1;0.0;0.0;2;50.0;
null;1;555.0;0;0.48;0.35;0.18;RT3;0.0;0.0;2;50.0;
null;1;557.0;1;0.14;0.43;0.43;BT1;0.0;0.0;2;50.0;
null;1;563.0;1;0.14;0.43;0.43;BT1;0.0;0.0;2;50.0;
null;1;569.0;1;0.14;0.43;0.43;BT1;0.0;0.0;2;50.0;
null;1;575.0;1;0.14;0.43;0.43;BT1;0.0;0.0;2;50.0;
null;1;581.0;1;0.14;0.43;0.43;BT1;0.0;0.0;2;50.0;
null;1;587.0;1;0.14;0.43;0.43;BT1;0.0;0.0;2;50.0;
null;1;589.0;0;0.48;0.35;0.18;RT2;0.0;0.0;2;50.0;
null;1;593.0;1;0.14;0.43;0.43;BT2;0.0;0.0;2;50.0;
null;1;599.0;1;0.14;0.43;0.43;BT3;0.0;0.0;2;50.0;
null;1;605.0;1;0.14;0.43;0.43;BT1;0.0;0.0;2;50.0;
null;1;611.0;1;0.04;0.62;0.34;BT2;0.0;0.0;2;50.0;
null;1;617.0;1;0.04;0.62;0.34;BT2;0.0;0.0;2;50.0;
null;1;623.0;1;0.04;0.62;0.34;BT2;0.0;0.0;2;50.0;
null;1;623.0;0;0.37;0.24;0.39;RT2;0.0;0.0;2;50.0;
null;1;629.0;1;0.04;0.62;0.34;BT2;0.0;0.0;2;50.0;
null;1;635.0;1;0.04;0.62;0.34;BT2;0.0;0.0;2;50.0;
null;1;639.0;0;0.37;0.24;0.39;RT1;0.0;0.0;2;50.0;
null;1;641.0;1;0.04;0.62;0.34;BT2;0.0;0.0;2;50.0;
null;1;647.0;1;0.04;0.62;0.34;BT1;0.0;0.0;2;50.0;
null;1;653.0;1;0.04;0.62;0.34;BT2;0.0;0.0;2;50.0;
null;1;659.0;1;0.04;0.62;0.34;BT1;0.0;0.0;2;50.0;
null;1;665.0;1;0.24;0.36;0.39;BT2;0.0;0.0;2;50.0;
null;1;671.0;1;0.24;0.36;0.39;BT2;0.0;0.0;2;50.0;
null;1;673.0;0;0.37;0.24;0.39;RT2;0.0;0.0;2;50.0;
null;1;677.0;1;0.24;0.36;0.39;BT3;0.0;0.0;2;50.0;
null;1;683.0;1;0.24;0.36;0.39;BT2;0.0;0.0;2;50.0;
null;1;689.0;1;0.24;0.36;0.39;BT3;0.0;0.0;2;50.0;
null;1;695.0;1;0.24;0.36;0.39;BT2;0.0;0.0;2;50.0;
null;1;701.0;1;0.24;0.36;0.39;BT3;0.0;0.0;2;50.0;
null;1;706.0;0;0.31;0.48;0.21;RT3;0.0;0.0;2;50.0;
null;1;707.0;1;0.24;0.36;0.39;BT3;0.0;0.0;2;50.0;
null;1;713.0;1;0.24;0.36;0.39;BT1;0.0;0.0;2;50.0;
null;1;719.0;1;0.01;0.49;0.49;BT1;0.0;0.0;2;50.0;
null;1;722.0;0;0.31;0.48;0.21;RT1;0.0;0.0;2;50.0;
null;1;725.0;1;0.01;0.49;0.49;BT1;0.0;0.0;2;50.0;
null;1;731.0;1;0.01;0.49;0.49;BT1;0.0;0.0;2;50.0;
null;1;737.0;1;0.01;0.49;0.49;BT2;0.0;0.0;2;50.0;
null;1;743.0;1;0.01;0.49;0.49;BT1;0.0;0.0;2;50.0;
null;1;749.0;1;0.01;0.49;0.49;BT2;0.0;0.0;2;50.0;
null;1;755.0;1;0.01;0.49;0.49;BT1;0.0;0.0;2;50.0;
null;1;756.0;0;0.31;0.48;0.21;RT2;0.0;0.0;2;50.0;
null;1;761.0;1;0.01;0.49;0.49;BT1;0.0;0.0;2;50.0;
null;1;767.0;1;0.01;0.49;0.49;BT2;0.0;0.0;2;50.0;
null;1;772.0;0;0.06;0.68;0.26;RT1;0.0;0.0;2;50.0;
null;1;773.0;1;0.29;0.35;0.36;BT1;0.0;0.0;2;50.0;
null;1;779.0;1;0.29;0.35;0.36;BT2;0.0;0.0;2;50.0;
null;1;785.0;1;0.29;0.35;0.36;BT1;0.0;0.0;2;50.0;
null;1;788.0;0;0.06;0.68;0.26;RT1;0.0;0.0;2;50.0;
null;1;791.0;1;0.29;0.35;0.36;BT1;0.0;0.0;2;50.0;
null;1;797.0;1;0.29;0.35;0.36;BT2;0.0;0.0;2;50.0;
null;1;803.0;1;0.29;0.35;0.36;BT3;0.0;0.0;2;50.0;
null;1;804.0;0;0.06;0.68;0.26;RT1;0.0;0.0;2;50.0;
null;1;809.0;1;0.29;0.35;0.36;BT2;0.0;0.0;2;50.0;
null;1;815.0;1;0.29;0.35;0.36;BT3;0.0;0.0;2;50.0;
null;1;820.0;0;0.06;0.68;0.26;RT1;0.0;0.0;2;50.0;
null;1;821.0;1;0.29;0.35;0.36;BT1;0.0;0.0;2;50.0;
null;1;827.0;1;0.32;0.39;0.29;BT3;0.0;0.0;2;50.0;
null;1;833.0;1;0.32;0.39;0.29;BT3;0.0;0.0;2;50.0;
null;1;836.0;0;0.27;0.3;0.43;RT1;0.0;0.0;2;50.0;
null;1;839.0;1;0.32;0.39;0.29;BT2;0.0;0.0;2;50.0;
null;1;845.0;1;0.32;0.39;0.29;BT2;0.0;0.0;2;50.0;
null;1;851.0;1;0.32;0.39;0.29;BT2;0.0;0.0;2;50.0;
null;1;857.0;1;0.32;0.39;0.29;BT1;0.0;0.0;2;50.0;
null;1;863.0;1;0.32;0.39;0.29;BT2;0.0;0.0;2;50.0;
null;1;869.0;0;0.27;0.3;0.43;RT3;0.0;0.0;2;50.0;
null;1;869.0;1;0.32;0.39;0.29;BT2;0.0;0.0;2;50.0;
null;1;875.0;1;0.32;0.39;0.29;BT3;0.0;0.0;2;50.0;
null;1;881.0;1;0.02;0.32;0.66;BT1;0.0;0.0;2;50.0;
null;1;887.0;1;0.02;0.32;0.66;BT1;0.0;0.0;2;50.0;
null;1;893.0;1;0.02;0.32;0.66;BT2;0.0;0.0;2;50.0;
null;1;899.0;1;0.02;0.32;0.66;BT1;0.0;0.0;2;50.0;
null;1;903.0;0;0.27;0.3;0.43;RT2;0.0;0.0;2;50.0;
null;1;905.0;1;0.02;0.32;0.66;BT1;0.0;0.0;2;50.0;
null;1;911.0;1;0.02;0.32;0.66;BT2;0.0;0.0;2;50.0;
null;1;917.0;1;0.02;0.32;0.66;BT1;0.0;0.0;2;50.0;
null;1;919.0;0;0.21;0.38;0.42;RT1;0.0;0.0;2;50.0;
null;1;923.0;1;0.02;0.32;0.66;BT1;0.0;0.0;2;50.0;
null;1;929.0;1;0.02;0.32;0.66;BT2;0.0;0.0;2;50.0;
null;1;935.0;1;0.37;0.3;0.33;BT2;0.0;0.0;2;50.0;
null;1;941.0;1;0.37;0.3;0.33;BT1;0.0;0.0;2;50.0;
null;1;947.0;1;0.37;0.3;0.33;BT2;0.0;0.0;2;50.0;
null;1;952.0;0;0.21;0.38;0.42;RT3;0.0;0.0;2;50.0;
null;1;953.0;1;0.37;0.3;0.33;BT3;0.0;0.0;2;50.0;
null;1;959.0;1;0.37;0.3;0.33;BT2;0.0;0.0;2;50.0;
null;1;965.0;1;0.37;0.3;0.33;BT1;0.0;0.0;2;50.0;
null;1;971.0;1;0.37;0.3;0.33;BT1;0.0;0.0;2;50.0;
null;1;977.0;1;0.37;0.3;0.33;BT3;0.0;0.0;2;50.0;
null;1;983.0;1;0.37;0.3;0.33;BT3;0.0;0.0;2;50.0;
null;1;985.0;0;0.21;0.38;0.42;RT3;0.0;0.0;2;50.0;
null;1;989.0;1;0.35;0.45;0.21;BT2;0.0;0.0;2;50.0;
null;1;995.0;1;0.35;0.45;0.21;BT2;0.0;0.0;2;50.0;
prefix;runID;tick;strategistID;p1;p2;p3;actionExecuted;actualProfit;predictedProfit;level;planningHorizon
null;1;0.0;1;0.53;0.25;0.22;;0.0;0.0;2;50.0;
null;1;0.0;0;0.13;0.53;0.34;;0.0;0.0;2;50.0;
null;1;12.0;1;0.53;0.25;0.22;BT2;0.0;0.0;2;50.0;
null;1;24.0;1;0.08;0.38;0.54;BT1;0.0;0.0;2;50.0;
null;1;36.0;1;0.08;0.38;0.54;BT3;0.0;0.0;2;50.0;
null;1;42.0;1;0.08;0.38;0.54;BT3;0.0;0.0;2;50.0;
null;1;48.0;1;0.08;0.38;0.54;BT3;0.0;0.0;2;50.0;
null;1;54.0;1;0.08;0.38;0.54;BT1;0.0;0.0;2;50.0;
null;1;60.0;1;0.08;0.38;0.54;BT1;0.0;0.0;2;50.0;
null;1;66.0;1;0.08;0.38;0.54;BT1;0.0;0.0;2;50.0;
null;1;72.0;1;0.41;0.5;0.09;BT3;0.0;0.0;2;50.0;
null;1;78.0;1;0.41;0.5;0.09;BT2;0.0;0.0;2;50.0;
null;1;84.0;1;0.41;0.5;0.09;BT3;0.0;0.0;2;50.0;
null;1;90.0;1;0.41;0.5;0.09;BT3;0.0;0.0;2;50.0;
null;1;93.0;0;0.13;0.53;0.34;RT3;0.0;0.0;2;50.0;
null;1;96.0;1;0.41;0.5;0.09;BT1;0.0;0.0;2;50.0;
null;1;102.0;1;0.41;0.5;0.09;BT2;0.0;0.0;2;50.0;
null;1;108.0;1;0.41;0.5;0.09;BT2;0.0;0.0;2;50.0;
null;1;114.0;1;0.41;0.5;0.09;BT3;0.0;0.0;2;50.0;
null;1;120.0;1;0.41;0.5;0.09;BT3;0.0;0.0;2;50.0;
null;1;122.0;0;0.19;0.77;0.04;RT1;0.0;0.0;2;50.0;
null;1;126.0;1;0.02;0.32;0.66;BT1;0.0;0.0;2;50.0;
null;1;132.0;1;0.02;0.32;0.66;BT3;0.0;0.0;2;50.0;
null;1;138.0;1;0.02;0.32;0.66;BT1;0.0;0.0;2;50.0;
null;1;144.0;1;0.02;0.32;0.66;BT3;0.0;0.0;2;50.0;
null;1;150.0;1;0.02;0.32;0.66;BT1;0.0;0.0;2;50.0;
null;1;155.0;0;0.19;0.77;0.04;RT3;0.0;0.0;2;50.0;
null;1;156.0;1;0.02;0.32;0.66;BT1;0.0;0.0;2;50.0;
null;1;162.0;1;0.02;0.32;0.66;BT1;0.0;0.0;2;50.0;
null;1;168.0;1;0.02;0.32;0.66;BT1;0.0;0.0;2;50.0;
null;1;174.0;1;0.02;0.32;0.66;BT1;0.0;0.0;2;50.0;
null;1;180.0;1;0.37;0.39;0.24;BT3;0.0;0.0;2;50.0;
null;1;186.0;1;0.37;0.39;0.24;BT1;0.0;0.0;2;50.0;
null;1;192.0;1;0.37;0.39;0.24;BT1;0.0;0.0;2;50.0;
null;1;198.0;1;0.37;0.39;0.24;BT1;0.0;0.0;2;50.0;
null;1;202.0;0;0.34;0.32;0.34;RT2;0.0;0.0;2;50.0;
null;1;204.0;1;0.37;0.39;0.24;BT1;0.0;0.0;2;50.0;
null;1;210.0;1;0.37;0.39;0.24;BT2;0.0;0.0;2;50.0;
null;1;216.0;1;0.37;0.39;0.24;BT2;0.0;0.0;2;50.0;
null;1;219.0;0;0.34;0.32;0.34;RT1;0.0;0.0;2;50.0;
null;1;222.0;1;0.37;0.39;0.24;BT3;0.0;0.0;2;50.0;
null;1;228.0;1;0.37;0.39;0.24;BT3;0.0;0.0;2;50.0;
null;1;234.0;1;0.16;0.48;0.35;BT1;0.0;0.0;2;50.0;
null;1;240.0;1;0.16;0.48;0.35;BT3;0.0;0.0;2;50.0;
null;1;246.0;1;0.16;0.48;0.35;BT1;0.0;0.0;2;50.0;
null;1;252.0;1;0.16;0.48;0.35;BT1;0.0;0.0;2;50.0;
null;1;254.0;0;0.29;0.64;0.07;RT2;0.0;0.0;2;50.0;
null;1;258.0;1;0.16;0.48;0.35;BT3;0.0;0.0;2;50.0;
null;1;264.0;1;0.16;0.48;0.35;BT1;0.0;0.0;2;50.0;
null;1;270.0;1;0.16;0.48;0.35;BT3;0.0;0.0;2;50.0;
null;1;271.0;0;0.29;0.64;0.07;RT1;0.0;0.0;2;50.0;
null;1;276.0;1;0.16;0.48;0.35;BT1;0.0;0.0;2;50.0;
null;1;282.0;1;0.16;0.48;0.35;BT2;0.0;0.0;2;50.0;
null;1;288.0;1;0.09;0.49;0.42;BT1;0.0;0.0;2;50.0;
null;1;294.0;1;0.09;0.49;0.42;BT1;0.0;0.0;2;50.0;
null;1;300.0;1;0.09;0.49;0.42;BT3;0.0;0.0;2;50.0;
null;1;306.0;0;0.11;0.4;0.5;RT2;0.0;0.0;2;50.0;
null;1;306.0;1;0.09;0.49;0.42;BT1;0.0;0.0;2;50.0;
null;1;312.0;1;0.09;0.49;0.42;BT1;0.0;0.0;2;50.0;
null;1;318.0;1;0.09;0.49;0.42;BT3;0.0;0.0;2;50.0;
null;1;324.0;1;0.09;0.49;0.42;BT1;0.0;0.0;2;50.0;
null;1;330.0;1;0.09;0.49;0.42;BT3;0.0;0.0;2;50.0;
null;1;336.0;1;0.09;0.49;0.42;BT1;0.0;0.0;2;50.0;
null;1;339.0;0;0.11;0.4;0.5;RT3;0.0;0.0;2;50.0;
null;1;342.0;1;0.13;0.39;0.48;BT1;0.0;0.0;2;50.0;
null;1;348.0;1;0.13;0.39;0.48;BT1;0.0;0.0;2;50.0;
null;1;354.0;1;0.13;0.39;0.48;BT3;0.0;0.0;2;50.0;
null;1;360.0;1;0.13;0.39;0.48;BT1;0.0;0.0;2;50.0;
null;1;366.0;1;0.13;0.39;0.48;BT3;0.0;0.0;2;50.0;
null;1;372.0;1;0.13;0.39;0.48;BT1;0.0;0.0;2;50.0;
null;1;374.0;0;0.06;0.29;0.65;RT2;0.0;0.0;2;50.0;
null;1;378.0;1;0.13;0.39;0.48;BT1;0.0;0.0;2;50.0;
null;1;384.0;1;0.13;0.39;0.48;BT2;0.0;0.0;2;50.0;
null;1;390.0;1;0.13;0.39;0.48;BT1;0.0;0.0;2;50.0;
null;1;396.0;1;0.27;0.33;0.4;BT3;0.0;0.0;2;50.0;
null;1;402.0;1;0.27;0.33;0.4;BT3;0.0;0.0;2;50.0;
null;1;408.0;1;0.27;0.33;0.4;BT1;0.0;0.0;2;50.0;
null;1;409.0;0;0.06;0.29;0.65;RT2;0.0;0.0;2;50.0;
null;1;414.0;1;0.27;0.33;0.4;BT3;0.0;0.0;2;50.0;
null;1;420.0;1;0.27;0.33;0.4;BT3;0.0;0.0;2;50.0;
null;1;426.0;1;0.27;0.33;0.4;BT2;0.0;0.0;2;50.0;
null;1;432.0;1;0.27;0.33;0.4;BT1;0.0;0.0;2;50.0;
null;1;438.0;1;0.27;0.33;0.4;BT3;0.0;0.0;2;50.0;
null;1;444.0;1;0.27;0.33;0.4;BT3;0.0;0.0;2;50.0;
null;1;444.0;0;0.1;0.67;0.23;RT2;0.0;0.0;2;50.0;
null;1;450.0;1;0.49;0.15;0.36;BT1;0.0;0.0;2;50.0;
null;1;456.0;1;0.49;0.15;0.36;BT1;0.0;0.0;2;50.0;
null;1;462.0;1;0.49;0.15;0.36;BT2;0.0;0.0;2;50.0;
null;1;468.0;1;0.49;0.15;0.36;BT1;0.0;0.0;2;50.0;
null;1;474.0;1;0.49;0.15;0.36;BT1;0.0;0.0;2;50.0;
null;1;477.0;0;0.1;0.67;0.23;RT3;0.0;0.0;2;50.0;
null;1;480.0;1;0.49;0.15;0.36;BT1;0.0;0.0;2;50.0;
null;1;486.0;1;0.49;0.15;0.36;BT1;0.0;0.0;2;50.0;
null;1;492.0;1;0.49;0.15;0.36;BT2;0.0;0.0;2;50.0;
null;1;494.0;0;0.43;0.47;0.1;RT1;0.0;0.0;2;50.0;
null;1;498.0;1;0.49;0.15;0.36;BT2;0.0;0.0;2;50.0;
prefix;runID;tick;strategistID;p1;p2;p3;actionExecuted;actualProfit;predictedProfit;level;planningHorizon
null;1;0.0;1;0.17;0.05;0.78;;0.0;0.0;2;50.0;
null;1;0.0;0;0.15;0.35;0.51;;0.0;0.0;2;50.0;
null;1;12.0;1;0.17;0.05;0.78;BT3;0.0;0.0;2;50.0;
null;1;18.0;1;0.13;0.43;0.44;BT3;0.0;0.0;2;50.0;
null;1;24.0;1;0.13;0.43;0.44;BT3;0.0;0.0;2;50.0;
null;1;36.0;1;0.13;0.43;0.44;BT1;0.0;0.0;2;50.0;
null;1;42.0;1;0.13;0.43;0.44;BT3;0.0;0.0;2;50.0;
null;1;48.0;1;0.13;0.43;0.44;BT3;0.0;0.0;2;50.0;
null;1;61.0;1;0.13;0.43;0.44;BT2;0.0;0.0;2;50.0;
null;1;67.0;1;0.13;0.43;0.44;BT3;0.0;0.0;2;50.0;
null;1;73.0;1;0.0;0.56;0.44;BT3;0.0;0.0;2;50.0;
null;1;79.0;1;0.0;0.56;0.44;BT2;0.0;0.0;2;50.0;
null;1;85.0;1;0.0;0.56;0.44;BT3;0.0;0.0;2;50.0;
null;1;91.0;1;0.0;0.56;0.44;BT3;0.0;0.0;2;50.0;
null;1;97.0;1;0.0;0.56;0.44;BT2;0.0;0.0;2;50.0;
null;1;101.0;0;0.15;0.35;0.51;RT3;0.0;0.0;2;50.0;
null;1;103.0;1;0.0;0.56;0.44;BT2;0.0;0.0;2;50.0;
null;1;109.0;1;0.0;0.56;0.44;BT2;0.0;0.0;2;50.0;
null;1;115.0;1;0.0;0.56;0.44;BT3;0.0;0.0;2;50.0;
null;1;121.0;1;0.0;0.56;0.44;BT3;0.0;0.0;2;50.0;
null;1;127.0;1;0.47;0.25;0.28;BT1;0.0;0.0;2;50.0;
null;1;133.0;1;0.47;0.25;0.28;BT3;0.0;0.0;2;50.0;
null;1;134.0;0;0.52;0.48;0.0;RT3;0.0;0.0;2;50.0;
null;1;139.0;1;0.47;0.25;0.28;BT3;0.0;0.0;2;50.0;
null;1;145.0;1;0.47;0.25;0.28;BT1;0.0;0.0;2;50.0;
null;1;151.0;1;0.47;0.25;0.28;BT1;0.0;0.0;2;50.0;
null;1;157.0;1;0.47;0.25;0.28;BT3;0.0;0.0;2;50.0;
null;1;163.0;1;0.47;0.25;0.28;BT2;0.0;0.0;2;50.0;
null;1;167.0;0;0.52;0.48;0.0;RT3;0.0;0.0;2;50.0;
null;1;169.0;1;0.47;0.25;0.28;BT2;0.0;0.0;2;50.0;
null;1;175.0;1;0.47;0.25;0.28;BT2;0.0;0.0;2;50.0;
null;1;181.0;1;0.49;0.49;0.02;BT2;0.0;0.0;2;50.0;
null;1;187.0;1;0.49;0.49;0.02;BT2;0.0;0.0;2;50.0;
null;1;193.0;1;0.49;0.49;0.02;BT2;0.0;0.0;2;50.0;
null;1;198.0;0;0.4;0.18;0.42;RT1;0.0;0.0;2;50.0;
null;1;199.0;1;0.49;0.49;0.02;BT2;0.0;0.0;2;50.0;
null;1;205.0;1;0.49;0.49;0.02;BT2;0.0;0.0;2;50.0;
null;1;211.0;1;0.49;0.49;0.02;BT2;0.0;0.0;2;50.0;
null;1;215.0;0;0.4;0.18;0.42;RT1;0.0;0.0;2;50.0;
null;1;217.0;1;0.49;0.49;0.02;BT1;0.0;0.0;2;50.0;
null;1;223.0;1;0.49;0.49;0.02;BT2;0.0;0.0;2;50.0;
null;1;229.0;1;0.49;0.49;0.02;BT2;0.0;0.0;2;50.0;
null;1;235.0;1;0.22;0.47;0.31;BT3;0.0;0.0;2;50.0;
null;1;241.0;1;0.22;0.47;0.31;BT3;0.0;0.0;2;50.0;
null;1;247.0;1;0.22;0.47;0.31;BT3;0.0;0.0;2;50.0;
null;1;248.0;0;0.4;0.18;0.42;RT3;0.0;0.0;2;50.0;
null;1;253.0;1;0.22;0.47;0.31;BT2;0.0;0.0;2;50.0;
null;1;259.0;1;0.22;0.47;0.31;BT2;0.0;0.0;2;50.0;
null;1;265.0;1;0.22;0.47;0.31;BT2;0.0;0.0;2;50.0;
null;1;271.0;1;0.22;0.47;0.31;BT2;0.0;0.0;2;50.0;
null;1;277.0;1;0.22;0.47;0.31;BT1;0.0;0.0;2;50.0;
null;1;281.0;0;0.2;0.32;0.48;RT3;0.0;0.0;2;50.0;
null;1;283.0;1;0.22;0.47;0.31;BT2;0.0;0.0;2;50.0;
null;1;289.0;1;0.39;0.4;0.21;BT2;0.0;0.0;2;50.0;
null;1;295.0;1;0.39;0.4;0.21;BT1;0.0;0.0;2;50.0;
null;1;298.0;0;0.2;0.32;0.48;RT1;0.0;0.0;2;50.0;
null;1;301.0;1;0.39;0.4;0.21;BT1;0.0;0.0;2;50.0;
null;1;307.0;1;0.39;0.4;0.21;BT1;0.0;0.0;2;50.0;
null;1;313.0;1;0.39;0.4;0.21;BT1;0.0;0.0;2;50.0;
null;1;315.0;0;0.2;0.32;0.48;RT1;0.0;0.0;2;50.0;
null;1;319.0;1;0.39;0.4;0.21;BT3;0.0;0.0;2;50.0;
null;1;325.0;1;0.39;0.4;0.21;BT2;0.0;0.0;2;50.0;
null;1;331.0;1;0.39;0.4;0.21;BT1;0.0;0.0;2;50.0;
null;1;337.0;1;0.39;0.4;0.21;BT1;0.0;0.0;2;50.0;
null;1;343.0;1;0.2;0.49;0.3;BT3;0.0;0.0;2;50.0;
null;1;348.0;0;0.47;0.46;0.08;RT3;0.0;0.0;2;50.0;
null;1;349.0;1;0.2;0.49;0.3;BT1;0.0;0.0;2;50.0;
null;1;355.0;1;0.2;0.49;0.3;BT3;0.0;0.0;2;50.0;
null;1;361.0;1;0.2;0.49;0.3;BT2;0.0;0.0;2;50.0;
null;1;367.0;1;0.2;0.49;0.3;BT1;0.0;0.0;2;50.0;
null;1;373.0;1;0.2;0.49;0.3;BT2;0.0;0.0;2;50.0;
null;1;379.0;1;0.2;0.49;0.3;BT2;0.0;0.0;2;50.0;
null;1;381.0;0;0.47;0.46;0.08;RT3;0.0;0.0;2;50.0;
null;1;385.0;1;0.2;0.49;0.3;BT2;0.0;0.0;2;50.0;
null;1;391.0;1;0.2;0.49;0.3;BT1;0.0;0.0;2;50.0;
null;1;397.0;1;0.13;0.62;0.26;BT1;0.0;0.0;2;50.0;
null;1;403.0;1;0.13;0.62;0.26;BT2;0.0;0.0;2;50.0;
null;1;409.0;1;0.13;0.62;0.26;BT1;0.0;0.0;2;50.0;
null;1;415.0;1;0.13;0.62;0.26;BT2;0.0;0.0;2;50.0;
null;1;421.0;1;0.13;0.62;0.26;BT2;0.0;0.0;2;50.0;
null;1;427.0;1;0.13;0.62;0.26;BT2;0.0;0.0;2;50.0;
null;1;432.0;0;0.12;0.49;0.39;RT2;0.0;0.0;2;50.0;
null;1;433.0;1;0.13;0.62;0.26;BT2;0.0;0.0;2;50.0;
null;1;439.0;1;0.13;0.62;0.26;BT2;0.0;0.0;2;50.0;
null;1;445.0;1;0.13;0.62;0.26;BT2;0.0;0.0;2;50.0;
null;1;451.0;1;0.6;0.17;0.23;BT2;0.0;0.0;2;50.0;
null;1;457.0;1;0.6;0.17;0.23;BT1;0.0;0.0;2;50.0;
null;1;463.0;1;0.6;0.17;0.23;BT1;0.0;0.0;2;50.0;
null;1;467.0;0;0.36;0.28;0.36;RT2;0.0;0.0;2;50.0;
null;1;469.0;1;0.6;0.17;0.23;BT1;0.0;0.0;2;50.0;
null;1;475.0;1;0.6;0.17;0.23;BT1;0.0;0.0;2;50.0;
null;1;481.0;1;0.6;0.17;0.23;BT3;0.0;0.0;2;50.0;
null;1;484.0;0;0.36;0.28;0.36;RT1;0.0;0.0;2;50.0;
null;1;487.0;1;0.6;0.17;0.23;BT1;0.0;0.0;2;50.0;
null;1;493.0;1;0.6;0.17;0.23;BT3;0.0;0.0;2;50.0;
null;1;499.0;1;0.6;0.17;0.23;BT1;0.0;0.0;2;50.0;
null;1;501.0;0;0.19;0.26;0.55;RT1;0.0;0.0;2;50.0;
null;1;505.0;1;0.25;0.36;0.38;BT2;0.0;0.0;2;50.0;
null;1;511.0;1;0.25;0.36;0.38;BT1;0.0;0.0;2;50.0;
null;1;517.0;1;0.25;0.36;0.38;BT1;0.0;0.0;2;50.0;
null;1;523.0;1;0.25;0.36;0.38;BT2;0.0;0.0;2;50.0;
null;1;529.0;1;0.25;0.36;0.38;BT2;0.0;0.0;2;50.0;
null;1;534.0;0;0.19;0.26;0.55;RT3;0.0;0.0;2;50.0;
null;1;535.0;1;0.25;0.36;0.38;BT3;0.0;0.0;2;50.0;
null;1;541.0;1;0.25;0.36;0.38;BT2;0.0;0.0;2;50.0;
null;1;547.0;1;0.25;0.36;0.38;BT2;0.0;0.0;2;50.0;
null;1;551.0;0;0.19;0.26;0.55;RT1;0.0;0.0;2;50.0;
null;1;553.0;1;0.25;0.36;0.38;BT1;0.0;0.0;2;50.0;
null;1;559.0;1;0.04;0.47;0.49;BT2;0.0;0.0;2;50.0;
null;1;565.0;1;0.04;0.47;0.49;BT3;0.0;0.0;2;50.0;
null;1;568.0;0;0.35;0.4;0.25;RT1;0.0;0.0;2;50.0;
null;1;571.0;1;0.04;0.47;0.49;BT3;0.0;0.0;2;50.0;
null;1;577.0;1;0.04;0.47;0.49;BT3;0.0;0.0;2;50.0;
null;1;583.0;1;0.04;0.47;0.49;BT2;0.0;0.0;2;50.0;
null;1;589.0;1;0.04;0.47;0.49;BT3;0.0;0.0;2;50.0;
null;1;595.0;1;0.04;0.47;0.49;BT3;0.0;0.0;2;50.0;
null;1;601.0;1;0.04;0.47;0.49;BT3;0.0;0.0;2;50.0;
null;1;603.0;0;0.35;0.4;0.25;RT2;0.0;0.0;2;50.0;
null;1;607.0;1;0.04;0.47;0.49;BT3;0.0;0.0;2;50.0;
null;1;613.0;1;0.21;0.47;0.32;BT3;0.0;0.0;2;50.0;
null;1;619.0;1;0.21;0.47;0.32;BT2;0.0;0.0;2;50.0;
null;1;620.0;0;0.34;0.0;0.65;RT1;0.0;0.0;2;50.0;
null;1;625.0;1;0.21;0.47;0.32;BT2;0.0;0.0;2;50.0;
null;1;631.0;1;0.21;0.47;0.32;BT3;0.0;0.0;2;50.0;
null;1;637.0;0;0.34;0.0;0.65;RT1;0.0;0.0;2;50.0;
null;1;637.0;1;0.21;0.47;0.32;BT2;0.0;0.0;2;50.0;
null;1;643.0;1;0.21;0.47;0.32;BT3;0.0;0.0;2;50.0;
null;1;649.0;1;0.21;0.47;0.32;BT1;0.0;0.0;2;50.0;
null;1;654.0;0;0.34;0.0;0.65;RT1;0.0;0.0;2;50.0;
null;1;655.0;1;0.21;0.47;0.32;BT2;0.0;0.0;2;50.0;
null;1;661.0;1;0.21;0.47;0.32;BT2;0.0;0.0;2;50.0;
null;1;667.0;1;0.13;0.14;0.73;BT3;0.0;0.0;2;50.0;
null;1;673.0;1;0.13;0.14;0.73;BT3;0.0;0.0;2;50.0;
null;1;679.0;1;0.13;0.14;0.73;BT2;0.0;0.0;2;50.0;
null;1;685.0;1;0.13;0.14;0.73;BT1;0.0;0.0;2;50.0;
null;1;689.0;0;0.26;0.34;0.4;RT2;0.0;0.0;2;50.0;
null;1;691.0;1;0.13;0.14;0.73;BT3;0.0;0.0;2;50.0;
null;1;697.0;1;0.13;0.14;0.73;BT3;0.0;0.0;2;50.0;
null;1;703.0;1;0.13;0.14;0.73;BT3;0.0;0.0;2;50.0;
null;1;706.0;0;0.26;0.34;0.4;RT1;0.0;0.0;2;50.0;
null;1;709.0;1;0.13;0.14;0.73;BT3;0.0;0.0;2;50.0;
null;1;715.0;1;0.13;0.14;0.73;BT1;0.0;0.0;2;50.0;
null;1;721.0;1;0.48;0.18;0.33;BT3;0.0;0.0;2;50.0;
null;1;723.0;0;0.46;0.39;0.15;RT1;0.0;0.0;2;50.0;
null;1;727.0;1;0.48;0.18;0.33;BT1;0.0;0.0;2;50.0;
null;1;733.0;1;0.48;0.18;0.33;BT1;0.0;0.0;2;50.0;
null;1;739.0;1;0.48;0.18;0.33;BT3;0.0;0.0;2;50.0;
null;1;745.0;1;0.48;0.18;0.33;BT1;0.0;0.0;2;50.0;
null;1;751.0;1;0.48;0.18;0.33;BT1;0.0;0.0;2;50.0;
null;1;757.0;1;0.48;0.18;0.33;BT1;0.0;0.0;2;50.0;
null;1;758.0;0;0.46;0.39;0.15;RT2;0.0;0.0;2;50.0;
null;1;763.0;1;0.48;0.18;0.33;BT1;0.0;0.0;2;50.0;
null;1;769.0;1;0.48;0.18;0.33;BT2;0.0;0.0;2;50.0;
null;1;775.0;1;0.63;0.0;0.37;BT3;0.0;0.0;2;50.0;
null;1;781.0;1;0.63;0.0;0.37;BT1;0.0;0.0;2;50.0;
null;1;787.0;1;0.63;0.0;0.37;BT1;0.0;0.0;2;50.0;
null;1;791.0;0;0.44;0.22;0.34;RT3;0.0;0.0;2;50.0;
null;1;793.0;1;0.63;0.0;0.37;BT3;0.0;0.0;2;50.0;
null;1;799.0;1;0.63;0.0;0.37;BT1;0.0;0.0;2;50.0;
null;1;805.0;1;0.63;0.0;0.37;BT3;0.0;0.0;2;50.0;
null;1;811.0;1;0.63;0.0;0.37;BT3;0.0;0.0;2;50.0;
null;1;817.0;1;0.63;0.0;0.37;BT3;0.0;0.0;2;50.0;
null;1;823.0;1;0.63;0.0;0.37;BT1;0.0;0.0;2;50.0;
null;1;824.0;0;0.44;0.22;0.34;RT3;0.0;0.0;2;50.0;
null;1;829.0;1;0.49;0.12;0.39;BT1;0.0;0.0;2;50.0;
null;1;835.0;1;0.49;0.12;0.39;BT3;0.0;0.0;2;50.0;
null;1;841.0;1;0.49;0.12;0.39;BT1;0.0;0.0;2;50.0;
null;1;847.0;1;0.49;0.12;0.39;BT1;0.0;0.0;2;50.0;
null;1;853.0;1;0.49;0.12;0.39;BT3;0.0;0.0;2;50.0;
null;1;859.0;0;0.21;0.52;0.27;RT2;0.0;0.0;2;50.0;
null;1;859.0;1;0.49;0.12;0.39;BT1;0.0;0.0;2;50.0;
null;1;865.0;1;0.49;0.12;0.39;BT1;0.0;0.0;2;50.0;
null;1;871.0;1;0.49;0.12;0.39;BT1;0.0;0.0;2;50.0;
null;1;877.0;1;0.49;0.12;0.39;BT2;0.0;0.0;2;50.0;
null;1;883.0;1;0.36;0.34;0.3;BT1;0.0;0.0;2;50.0;
null;1;889.0;1;0.36;0.34;0.3;BT1;0.0;0.0;2;50.0;
null;1;892.0;0;0.21;0.52;0.27;RT3;0.0;0.0;2;50.0;
null;1;895.0;1;0.36;0.34;0.3;BT3;0.0;0.0;2;50.0;
null;1;901.0;1;0.36;0.34;0.3;BT1;0.0;0.0;2;50.0;
null;1;907.0;1;0.36;0.34;0.3;BT2;0.0;0.0;2;50.0;
null;1;909.0;0;0.12;0.47;0.4;RT1;0.0;0.0;2;50.0;
null;1;913.0;1;0.36;0.34;0.3;BT2;0.0;0.0;2;50.0;
null;1;919.0;1;0.36;0.34;0.3;BT1;0.0;0.0;2;50.0;
null;1;925.0;1;0.36;0.34;0.3;BT2;0.0;0.0;2;50.0;
null;1;931.0;1;0.36;0.34;0.3;BT3;0.0;0.0;2;50.0;
null;1;937.0;1;0.32;0.15;0.53;BT3;0.0;0.0;2;50.0;
null;1;943.0;1;0.32;0.15;0.53;BT3;0.0;0.0;2;50.0;
null;1;944.0;0;0.12;0.47;0.4;RT2;0.0;0.0;2;50.0;
null;1;949.0;1;0.32;0.15;0.53;BT2;0.0;0.0;2;50.0;
null;1;955.0;1;0.32;0.15;0.53;BT3;0.0;0.0;2;50.0;
null;1;961.0;0;0.5;0.14;0.36;RT1;0.0;0.0;2;50.0;
null;1;961.0;1;0.32;0.15;0.53;BT3;0.0;0.0;2;50.0;
null;1;967.0;1;0.32;0.15;0.53;BT1;0.0;0.0;2;50.0;
null;1;973.0;1;0.32;0.15;0.53;BT3;0.0;0.0;2;50.0;
null;1;979.0;1;0.32;0.15;0.53;BT1;0.0;0.0;2;50.0;
null;1;985.0;1;0.32;0.15;0.53;BT3;0.0;0.0;2;50.0;
null;1;991.0;1;0.48;0.12;0.4;BT1;0.0;0.0;2;50.0;
null;1;996.0;0;0.5;0.14;0.36;RT2;0.0;0.0;2;50.0;
null;1;997.0;1;0.48;0.12;0.4;BT1;0.0;0.0;2;50.0;
